code identity evalue length
1AMQ-1A23 32.558 0.33 43.0
1AMQ-1A43 0.0 10.0 0.0
1AMQ-1A5E 0.0 10.0 0.0
1AMQ-1AAR 0.0 10.0 0.0
1AMQ-1AG2 18.182 2.0 33.0
1AMQ-1AJ3 0.0 10.0 0.0
1AMQ-1AKK 24.0 1.2 25.0
1AMQ-1AM7 55.556 0.74 9.0
1AMQ-1ANK 31.25 3.2 16.0
1AMQ-1AON 36.364 0.31 11.0
1AMQ-1APS 66.667 1.5 6.0
1AMQ-1ARR 22.727 0.2 22.0
1AMQ-1AV1 27.273 0.082 22.0
1AMQ-1AXB 0.0 10.0 0.0
1AMQ-1AYF 0.0 10.0 0.0
1AMQ-1AZP 40.0 4.3 20.0
1AMQ-1B0O 26.154 5.4 65.0
1AMQ-1B26 25.0 0.95 36.0
1AMQ-1B5M 38.095 2.7 21.0
1AMQ-1BLC 28.125 1.9 32.0
1AMQ-1BNL 66.667 1.3 9.0
1AMQ-1BOY 0.0 10.0 0.0
1AMQ-1BP2 0.0 10.0 0.0
1AMQ-1BPI 44.444 0.22 9.0
1AMQ-1BTA 0.0 10.0 0.0
1AMQ-1BVC 50.0 9.3 10.0
1AMQ-1C2R 44.444 0.94 9.0
1AMQ-1C5G 62.5 0.64 8.0
1AMQ-1C9O 21.429 5.4 14.0
1AMQ-1CAH 38.889 2.3 18.0
1AMQ-1CHK 28.75 0.002 80.0
1AMQ-1CLW 43.75 1.7 16.0
1AMQ-1CSP 0.0 10.0 0.0
1AMQ-1CYC 31.818 0.3 22.0
1AMQ-1CYO 50.0 6.6 8.0
1AMQ-1DIL 33.333 0.41 15.0
1AMQ-1DIV 66.667 3.3 6.0
1AMQ-1DKT 0.0 10.0 0.0
1AMQ-1DPM 27.083 0.86 48.0
1AMQ-1EL1 0.0 10.0 0.0
1AMQ-1FEP 29.032 1.4 62.0
1AMQ-1FKJ 0.0 10.0 0.0
1AMQ-1FLV 0.0 10.0 0.0
1AMQ-1FNF 83.333 2.6 6.0
1AMQ-1FRD 0.0 10.0 0.0
1AMQ-1FTG 0.0 10.0 0.0
1AMQ-1FXA 28.814 0.032 59.0
1AMQ-1G6N 100.0 1.2 5.0
1AMQ-1H7M 29.787 8.5 47.0
1AMQ-1HFY 0.0 10.0 0.0
1AMQ-1HK0 40.909 1.3 22.0
1AMQ-1HME 0.0 10.0 0.0
1AMQ-1HNG 30.303 1.5 33.0
1AMQ-1HTI 0.0 10.0 0.0
1AMQ-1I5T 24.0 1.2 25.0
1AMQ-1IDS 0.0 10.0 0.0
1AMQ-1IFB 29.63 0.15 27.0
1AMQ-1IGV 41.667 0.55 12.0
1AMQ-1IMQ 46.154 0.017 13.0
1AMQ-1IO2 34.615 0.68 26.0
1AMQ-1IR3 50.0 0.28 12.0
1AMQ-1IRO 45.455 0.46 11.0
1AMQ-1KDX 0.0 10.0 0.0
1AMQ-1KFW 37.5 5.2 16.0
1AMQ-1LS4 62.5 1.1 8.0
1AMQ-1LVE 41.176 0.06 17.0
1AMQ-1MBG 75.0 1.0 4.0
1AMQ-1MJC 0.0 10.0 0.0
1AMQ-1MSI 0.0 10.0 0.0
1AMQ-1N0J 0.0 10.0 0.0
1AMQ-1OIA 45.0 0.21 20.0
1AMQ-1ONC 30.769 0.36 13.0
1AMQ-1OTR 0.0 10.0 0.0
1AMQ-1PGA 30.0 7.2 20.0
1AMQ-1PIN 0.0 10.0 0.0
1AMQ-1POH 0.0 10.0 0.0
1AMQ-1QGV 0.0 10.0 0.0
1AMQ-1QJP 23.529 1.1 68.0
1AMQ-1QLP 50.0 2.8 12.0
1AMQ-1QQV 28.571 0.12 21.0
1AMQ-1RGG 0.0 10.0 0.0
1AMQ-1RHG 29.167 0.1 72.0
1AMQ-1RIS 34.783 1.6 23.0
1AMQ-1ROP 0.0 10.0 0.0
1AMQ-1RRO 0.0 10.0 0.0
1AMQ-1RTB 57.143 4.4 7.0
1AMQ-1RTP 31.034 0.17 29.0
1AMQ-1RX4 27.778 7.3 18.0
1AMQ-1SAK 40.0 0.83 10.0
1AMQ-1SCE 66.667 2.1 6.0
1AMQ-1SHF 23.529 0.47 17.0
1AMQ-1SHG 28.125 0.007 32.0
1AMQ-1SSO 0.0 10.0 0.0
1AMQ-1STN 23.913 3.8 46.0
1AMQ-1SUP 85.714 1.1 7.0
1AMQ-1TEN 0.0 10.0 0.0
1AMQ-1THQ 31.818 0.062 22.0
1AMQ-1TIT 57.143 1.6 7.0
1AMQ-1TPK 55.556 0.11 9.0
1AMQ-1TTG 0.0 10.0 0.0
1AMQ-1TUP 30.952 0.3 42.0
1AMQ-1UBQ 0.0 10.0 0.0
1AMQ-1UWO 25.0 1.5 40.0
1AMQ-1UZC 50.0 5.9 6.0
1AMQ-1W4H 50.0 9.9 8.0
1AMQ-1WQ5 27.66 0.53 47.0
1AMQ-1YCC 31.818 0.075 22.0
1AMQ-1YEA 31.429 0.01 35.0
1AMQ-2A36 0.0 10.0 0.0
1AMQ-2ABD 22.0 0.93 50.0
1AMQ-2ADA 54.545 4.3 11.0
1AMQ-2AFG 28.125 1.7 32.0
1AMQ-2AKY 29.63 0.79 27.0
1AMQ-2BRD 0.0 10.0 0.0
1AMQ-2CI2 38.462 0.8 13.0
1AMQ-2CRK 0.0 10.0 0.0
1AMQ-2HMB 46.154 1.1 13.0
1AMQ-2HPR 23.81 1.6 42.0
1AMQ-2IFB 29.63 0.15 27.0
1AMQ-2IMM 0.0 10.0 0.0
1AMQ-2Q98 46.154 0.36 13.0
1AMQ-2TRX 45.455 1.3 11.0
1AMQ-2WSY 25.532 1.8 47.0
1AMQ-2ZTA 0.0 10.0 0.0
1AMQ-3BLS 50.0 2.8 10.0
1AMQ-3D2A 32.143 1.4 28.0
1AMQ-3HHR 57.143 7.0 7.0
1AMQ-3MBP 31.25 1.4 32.0
1AMQ-3PGK 40.0 5.5 15.0
1AMQ-3SSI 34.375 0.64 32.0
1AMQ-451C 47.059 2.2 17.0
1AMQ-4BLM 25.0 0.25 40.0
1AMQ-5AZU 0.0 10.0 0.0
1AMQ-5CRO 0.0 10.0 0.0
1BNI-1A23 0.0 10.0 0.0
1BNI-1A43 0.0 10.0 0.0
1BNI-1A5E 80.0 0.45 5.0
1BNI-1AAR 0.0 10.0 0.0
1BNI-1AG2 40.0 1.3 10.0
1BNI-1AJ3 22.581 2.2 31.0
1BNI-1AKK 0.0 10.0 0.0
1BNI-1AM7 33.333 5.0 15.0
1BNI-1ANK 38.095 0.7 21.0
1BNI-1AON 62.5 1.2 8.0
1BNI-1APS 29.63 0.3 27.0
1BNI-1ARR 0.0 10.0 0.0
1BNI-1AV1 66.667 0.6 6.0
1BNI-1AXB 0.0 10.0 0.0
1BNI-1AYF 26.0 1.4 50.0
1BNI-1AZP 50.0 3.6 8.0
1BNI-1B0O 0.0 10.0 0.0
1BNI-1B26 41.667 1.1 12.0
1BNI-1B5M 21.951 0.79 41.0
1BNI-1BLC 29.787 0.08 47.0
1BNI-1BNL 30.952 0.94 42.0
1BNI-1BOY 0.0 10.0 0.0
1BNI-1BP2 0.0 10.0 0.0
1BNI-1BPI 0.0 10.0 0.0
1BNI-1BTA 0.0 10.0 0.0
1BNI-1BVC 50.0 0.1 10.0
1BNI-1C2R 33.333 7.6 9.0
1BNI-1C5G 23.077 4.3 26.0
1BNI-1C9O 0.0 10.0 0.0
1BNI-1CAH 44.444 4.3 9.0
1BNI-1CHK 31.579 9.1 19.0
1BNI-1CLW 37.037 2.8 27.0
1BNI-1CSP 26.316 7.5 19.0
1BNI-1CYC 71.429 0.63 7.0
1BNI-1CYO 0.0 10.0 0.0
1BNI-1DIL 44.444 0.006 18.0
1BNI-1DIV 42.857 3.1 7.0
1BNI-1DKT 0.0 10.0 0.0
1BNI-1DPM 66.667 0.078 9.0
1BNI-1EL1 0.0 10.0 0.0
1BNI-1FEP 29.167 3.0 24.0
1BNI-1FKJ 0.0 10.0 0.0
1BNI-1FLV 30.0 2.3 30.0
1BNI-1FNF 21.429 7.9 14.0
1BNI-1FRD 0.0 10.0 0.0
1BNI-1FTG 30.0 2.3 30.0
1BNI-1FXA 0.0 10.0 0.0
1BNI-1G6N 50.0 3.9 6.0
1BNI-1H7M 75.0 3.6 4.0
1BNI-1HFY 31.579 5.0 19.0
1BNI-1HK0 0.0 10.0 0.0
1BNI-1HME 83.333 0.36 6.0
1BNI-1HNG 0.0 10.0 0.0
1BNI-1HTI 31.25 1.8 16.0
1BNI-1I5T 0.0 10.0 0.0
1BNI-1IDS 41.667 0.24 12.0
1BNI-1IFB 75.0 5.8 4.0
1BNI-1IGV 0.0 10.0 0.0
1BNI-1IMQ 0.0 10.0 0.0
1BNI-1IO2 0.0 10.0 0.0
1BNI-1IR3 36.364 3.7 22.0
1BNI-1IRO 0.0 10.0 0.0
1BNI-1KDX 0.0 10.0 0.0
1BNI-1KFW 50.0 2.3 10.0
1BNI-1LS4 0.0 10.0 0.0
1BNI-1LVE 29.412 0.7 17.0
1BNI-1MBG 0.0 10.0 0.0
1BNI-1MJC 0.0 10.0 0.0
1BNI-1MSI 0.0 10.0 0.0
1BNI-1N0J 50.0 2.5 12.0
1BNI-1OIA 0.0 10.0 0.0
1BNI-1ONC 0.0 10.0 0.0
1BNI-1OTR 0.0 10.0 0.0
1BNI-1PGA 57.143 1.4 7.0
1BNI-1PIN 33.333 2.8 18.0
1BNI-1POH 0.0 10.0 0.0
1BNI-1QGV 45.455 3.5 11.0
1BNI-1QJP 0.0 10.0 0.0
1BNI-1QLP 0.0 10.0 0.0
1BNI-1QQV 0.0 10.0 0.0
1BNI-1RGG 33.75 5.51e-06 80.0
1BNI-1RHG 0.0 10.0 0.0
1BNI-1RIS 0.0 10.0 0.0
1BNI-1ROP 0.0 10.0 0.0
1BNI-1RRO 0.0 10.0 0.0
1BNI-1RTB 30.435 0.53 23.0
1BNI-1RTP 44.444 6.2 9.0
1BNI-1RX4 0.0 10.0 0.0
1BNI-1SAK 0.0 10.0 0.0
1BNI-1SCE 24.0 0.018 50.0
1BNI-1SHF 0.0 10.0 0.0
1BNI-1SHG 26.667 0.017 30.0
1BNI-1SSO 0.0 10.0 0.0
1BNI-1STN 54.545 0.047 11.0
1BNI-1SUP 0.0 10.0 0.0
1BNI-1TEN 0.0 10.0 0.0
1BNI-1THQ 45.455 1.4 11.0
1BNI-1TIT 0.0 10.0 0.0
1BNI-1TPK 60.0 4.5 5.0
1BNI-1TTG 42.857 3.8 7.0
1BNI-1TUP 0.0 10.0 0.0
1BNI-1UBQ 0.0 10.0 0.0
1BNI-1UWO 0.0 10.0 0.0
1BNI-1UZC 50.0 0.32 8.0
1BNI-1W4H 0.0 10.0 0.0
1BNI-1WQ5 0.0 10.0 0.0
1BNI-1YCC 31.25 3.2 32.0
1BNI-1YEA 0.0 10.0 0.0
1BNI-2A36 0.0 10.0 0.0
1BNI-2ABD 0.0 10.0 0.0
1BNI-2ADA 33.333 0.51 33.0
1BNI-2AFG 0.0 10.0 0.0
1BNI-2AKY 0.0 10.0 0.0
1BNI-2BRD 0.0 10.0 0.0
1BNI-2CI2 0.0 10.0 0.0
1BNI-2CRK 30.435 9.9 23.0
1BNI-2HMB 0.0 10.0 0.0
1BNI-2HPR 0.0 10.0 0.0
1BNI-2IFB 75.0 5.8 4.0
1BNI-2IMM 33.333 4.8 6.0
1BNI-2Q98 25.0 5.5 8.0
1BNI-2TRX 50.0 3.9 6.0
1BNI-2WSY 0.0 10.0 0.0
1BNI-2ZTA 0.0 10.0 0.0
1BNI-3BLS 21.818 0.036 55.0
1BNI-3D2A 34.615 3.9 26.0
1BNI-3HHR 35.294 2.7 17.0
1BNI-3MBP 0.0 10.0 0.0
1BNI-3PGK 0.0 10.0 0.0
1BNI-3SSI 21.053 0.69 19.0
1BNI-451C 42.857 0.002 21.0
1BNI-4BLM 0.0 10.0 0.0
1BNI-5AZU 25.926 0.84 27.0
1BNI-5CRO 0.0 10.0 0.0
1CEY-1A23 100.0 8.0 3.0
1CEY-1A43 62.5 0.24 8.0
1CEY-1A5E 0.0 10.0 0.0
1CEY-1AAR 0.0 10.0 0.0
1CEY-1AG2 0.0 10.0 0.0
1CEY-1AJ3 41.667 0.95 24.0
1CEY-1AKK 27.778 2.2 36.0
1CEY-1AM7 29.412 3.7 17.0
1CEY-1ANK 35.714 0.58 14.0
1CEY-1AON 0.0 10.0 0.0
1CEY-1APS 0.0 10.0 0.0
1CEY-1ARR 0.0 10.0 0.0
1CEY-1AV1 37.5 0.36 24.0
1CEY-1AXB 25.0 5.9 20.0
1CEY-1AYF 35.0 1.6 20.0
1CEY-1AZP 0.0 10.0 0.0
1CEY-1B0O 66.667 1.2 6.0
1CEY-1B26 0.0 10.0 0.0
1CEY-1B5M 25.49 0.91 51.0
1CEY-1BLC 66.667 3.4 6.0
1CEY-1BNL 55.556 3.1 9.0
1CEY-1BOY 0.0 10.0 0.0
1CEY-1BP2 0.0 10.0 0.0
1CEY-1BPI 62.5 0.062 8.0
1CEY-1BTA 0.0 10.0 0.0
1CEY-1BVC 0.0 10.0 0.0
1CEY-1C2R 37.5 0.098 48.0
1CEY-1C5G 25.0 0.002 48.0
1CEY-1C9O 80.0 0.12 5.0
1CEY-1CAH 0.0 10.0 0.0
1CEY-1CHK 23.529 3.3 17.0
1CEY-1CLW 30.769 1.1 13.0
1CEY-1CSP 44.444 0.67 9.0
1CEY-1CYC 50.0 0.035 16.0
1CEY-1CYO 40.0 8.5 5.0
1CEY-1DIL 30.435 0.76 23.0
1CEY-1DIV 44.444 0.99 18.0
1CEY-1DKT 0.0 10.0 0.0
1CEY-1DPM 41.667 0.058 36.0
1CEY-1EL1 35.0 0.07 20.0
1CEY-1FEP 55.556 2.3 9.0
1CEY-1FKJ 29.412 1.5 34.0
1CEY-1FLV 0.0 10.0 0.0
1CEY-1FNF 0.0 10.0 0.0
1CEY-1FRD 0.0 10.0 0.0
1CEY-1FTG 0.0 10.0 0.0
1CEY-1FXA 38.462 3.7 13.0
1CEY-1G6N 0.0 10.0 0.0
1CEY-1H7M 0.0 10.0 0.0
1CEY-1HFY 30.0 0.79 30.0
1CEY-1HK0 33.333 0.43 12.0
1CEY-1HME 0.0 10.0 0.0
1CEY-1HNG 0.0 10.0 0.0
1CEY-1HTI 37.5 1.3 8.0
1CEY-1I5T 27.778 2.2 36.0
1CEY-1IDS 57.143 6.5 7.0
1CEY-1IFB 27.273 3.0 33.0
1CEY-1IGV 0.0 10.0 0.0
1CEY-1IMQ 0.0 10.0 0.0
1CEY-1IO2 46.154 1.7 13.0
1CEY-1IR3 0.0 10.0 0.0
1CEY-1IRO 33.333 0.31 27.0
1CEY-1KDX 50.0 0.59 8.0
1CEY-1KFW 0.0 10.0 0.0
1CEY-1LS4 0.0 10.0 0.0
1CEY-1LVE 0.0 10.0 0.0
1CEY-1MBG 31.25 0.7 16.0
1CEY-1MJC 0.0 10.0 0.0
1CEY-1MSI 0.0 10.0 0.0
1CEY-1N0J 25.926 1.1 27.0
1CEY-1OIA 0.0 10.0 0.0
1CEY-1ONC 0.0 10.0 0.0
1CEY-1OTR 0.0 10.0 0.0
1CEY-1PGA 0.0 10.0 0.0
1CEY-1PIN 0.0 10.0 0.0
1CEY-1POH 0.0 10.0 0.0
1CEY-1QGV 24.59 0.05 61.0
1CEY-1QJP 36.364 0.059 22.0
1CEY-1QLP 36.364 5.4 11.0
1CEY-1QQV 0.0 10.0 0.0
1CEY-1RGG 0.0 10.0 0.0
1CEY-1RHG 0.0 10.0 0.0
1CEY-1RIS 41.667 6.9 12.0
1CEY-1ROP 0.0 10.0 0.0
1CEY-1RRO 0.0 10.0 0.0
1CEY-1RTB 0.0 10.0 0.0
1CEY-1RTP 50.0 5.7 6.0
1CEY-1RX4 0.0 10.0 0.0
1CEY-1SAK 0.0 10.0 0.0
1CEY-1SCE 31.579 6.8 19.0
1CEY-1SHF 100.0 3.9 2.0
1CEY-1SHG 0.0 10.0 0.0
1CEY-1SSO 0.0 10.0 0.0
1CEY-1STN 47.059 0.63 17.0
1CEY-1SUP 0.0 10.0 0.0
1CEY-1TEN 38.889 0.21 18.0
1CEY-1THQ 0.0 10.0 0.0
1CEY-1TIT 0.0 10.0 0.0
1CEY-1TPK 0.0 10.0 0.0
1CEY-1TTG 38.889 1.8 18.0
1CEY-1TUP 31.818 0.37 22.0
1CEY-1UBQ 0.0 10.0 0.0
1CEY-1UWO 0.0 10.0 0.0
1CEY-1UZC 0.0 10.0 0.0
1CEY-1W4H 0.0 10.0 0.0
1CEY-1WQ5 39.13 1.3 23.0
1CEY-1YCC 31.25 0.39 16.0
1CEY-1YEA 27.273 0.35 22.0
1CEY-2A36 41.667 0.15 12.0
1CEY-2ABD 40.0 9.2 15.0
1CEY-2ADA 25.0 1.8 32.0
1CEY-2AFG 26.667 0.56 30.0
1CEY-2AKY 0.0 10.0 0.0
1CEY-2BRD 0.0 10.0 0.0
1CEY-2CI2 0.0 10.0 0.0
1CEY-2CRK 0.0 10.0 0.0
1CEY-2HMB 26.087 0.34 23.0
1CEY-2HPR 0.0 10.0 0.0
1CEY-2IFB 27.273 3.0 33.0
1CEY-2IMM 0.0 10.0 0.0
1CEY-2Q98 0.0 10.0 0.0
1CEY-2TRX 57.143 0.54 7.0
1CEY-2WSY 0.0 10.0 0.0
1CEY-2ZTA 0.0 10.0 0.0
1CEY-3BLS 25.263 0.11 95.0
1CEY-3D2A 46.667 0.07 15.0
1CEY-3HHR 0.0 10.0 0.0
1CEY-3MBP 31.25 7.2 16.0
1CEY-3PGK 57.143 3.2 7.0
1CEY-3SSI 0.0 10.0 0.0
1CEY-451C 0.0 10.0 0.0
1CEY-4BLM 40.0 0.37 15.0
1CEY-5AZU 0.0 10.0 0.0
1CEY-5CRO 0.0 10.0 0.0
1EY0-1A23 36.364 0.68 11.0
1EY0-1A43 0.0 10.0 0.0
1EY0-1A5E 0.0 10.0 0.0
1EY0-1AAR 33.333 0.93 15.0
1EY0-1AG2 23.684 1.8 38.0
1EY0-1AJ3 26.667 3.6 15.0
1EY0-1AKK 36.111 1.2 36.0
1EY0-1AM7 0.0 10.0 0.0
1EY0-1ANK 0.0 10.0 0.0
1EY0-1AON 0.0 10.0 0.0
1EY0-1APS 100.0 2.9 3.0
1EY0-1ARR 0.0 10.0 0.0
1EY0-1AV1 0.0 10.0 0.0
1EY0-1AXB 45.455 1.5 11.0
1EY0-1AYF 46.154 0.36 13.0
1EY0-1AZP 26.087 0.11 23.0
1EY0-1B0O 0.0 10.0 0.0
1EY0-1B26 33.333 0.88 15.0
1EY0-1B5M 0.0 10.0 0.0
1EY0-1BLC 35.294 0.21 17.0
1EY0-1BNL 0.0 10.0 0.0
1EY0-1BOY 0.0 10.0 0.0
1EY0-1BP2 0.0 10.0 0.0
1EY0-1BPI 18.519 2.3 27.0
1EY0-1BTA 0.0 10.0 0.0
1EY0-1BVC 27.273 0.61 33.0
1EY0-1C2R 0.0 10.0 0.0
1EY0-1C5G 32.0 0.9 25.0
1EY0-1C9O 23.404 0.014 47.0
1EY0-1CAH 33.333 0.028 21.0
1EY0-1CHK 26.667 8.6 15.0
1EY0-1CLW 31.034 2.8 29.0
1EY0-1CSP 24.0 0.003 50.0
1EY0-1CYC 41.935 3.5 31.0
1EY0-1CYO 0.0 10.0 0.0
1EY0-1DIL 45.455 1.7 11.0
1EY0-1DIV 41.86 0.034 43.0
1EY0-1DKT 0.0 10.0 0.0
1EY0-1DPM 0.0 10.0 0.0
1EY0-1EL1 41.667 4.1 12.0
1EY0-1FEP 45.455 0.27 22.0
1EY0-1FKJ 40.0 2.7 10.0
1EY0-1FLV 26.087 1.4 46.0
1EY0-1FNF 0.0 10.0 0.0
1EY0-1FRD 66.667 0.49 6.0
1EY0-1FTG 26.087 1.4 46.0
1EY0-1FXA 0.0 10.0 0.0
1EY0-1G6N 0.0 10.0 0.0
1EY0-1H7M 0.0 10.0 0.0
1EY0-1HFY 40.0 4.8 20.0
1EY0-1HK0 20.0 6.2 25.0
1EY0-1HME 0.0 10.0 0.0
1EY0-1HNG 33.333 2.1 36.0
1EY0-1HTI 50.0 1.1 12.0
1EY0-1I5T 36.111 1.2 36.0
1EY0-1IDS 0.0 10.0 0.0
1EY0-1IFB 27.273 0.003 66.0
1EY0-1IGV 0.0 10.0 0.0
1EY0-1IMQ 38.462 1.2 13.0
1EY0-1IO2 38.889 1.2 18.0
1EY0-1IR3 20.0 0.37 25.0
1EY0-1IRO 0.0 10.0 0.0
1EY0-1KDX 0.0 10.0 0.0
1EY0-1KFW 26.316 8.2 19.0
1EY0-1LS4 0.0 10.0 0.0
1EY0-1LVE 0.0 10.0 0.0
1EY0-1MBG 42.857 0.021 14.0
1EY0-1MJC 24.49 1.3 49.0
1EY0-1MSI 0.0 10.0 0.0
1EY0-1N0J 33.333 6.7 15.0
1EY0-1OIA 0.0 10.0 0.0
1EY0-1ONC 0.0 10.0 0.0
1EY0-1OTR 33.333 0.87 15.0
1EY0-1PGA 37.5 9.5 8.0
1EY0-1PIN 30.303 0.14 33.0
1EY0-1POH 66.667 0.59 6.0
1EY0-1QGV 34.615 0.034 26.0
1EY0-1QJP 44.444 1.2 9.0
1EY0-1QLP 60.0 0.34 10.0
1EY0-1QQV 28.571 1.5 21.0
1EY0-1RGG 0.0 10.0 0.0
1EY0-1RHG 0.0 10.0 0.0
1EY0-1RIS 0.0 10.0 0.0
1EY0-1ROP 0.0 10.0 0.0
1EY0-1RRO 35.714 0.19 14.0
1EY0-1RTB 0.0 10.0 0.0
1EY0-1RTP 40.0 2.1 10.0
1EY0-1RX4 30.303 0.11 33.0
1EY0-1SAK 0.0 10.0 0.0
1EY0-1SCE 31.818 7.6 22.0
1EY0-1SHF 0.0 10.0 0.0
1EY0-1SHG 58.333 0.019 12.0
1EY0-1SSO 66.667 0.053 9.0
1EY0-1STN 100.0 6.08e-104 136.0
1EY0-1SUP 46.154 0.62 13.0
1EY0-1TEN 0.0 10.0 0.0
1EY0-1THQ 0.0 10.0 0.0
1EY0-1TIT 83.333 0.068 6.0
1EY0-1TPK 28.571 4.9 7.0
1EY0-1TTG 0.0 10.0 0.0
1EY0-1TUP 31.818 1.4 22.0
1EY0-1UBQ 33.333 0.93 15.0
1EY0-1UWO 0.0 10.0 0.0
1EY0-1UZC 31.25 8.4 16.0
1EY0-1W4H 0.0 10.0 0.0
1EY0-1WQ5 38.462 9.3 13.0
1EY0-1YCC 83.333 0.78 6.0
1EY0-1YEA 0.0 10.0 0.0
1EY0-2A36 0.0 10.0 0.0
1EY0-2ABD 50.0 1.1 8.0
1EY0-2ADA 0.0 10.0 0.0
1EY0-2AFG 55.556 2.0 9.0
1EY0-2AKY 33.333 3.0 12.0
1EY0-2BRD 0.0 10.0 0.0
1EY0-2CI2 0.0 10.0 0.0
1EY0-2CRK 50.0 0.2 22.0
1EY0-2HMB 28.814 0.19 59.0
1EY0-2HPR 0.0 10.0 0.0
1EY0-2IFB 27.273 0.003 66.0
1EY0-2IMM 0.0 10.0 0.0
1EY0-2Q98 0.0 10.0 0.0
1EY0-2TRX 0.0 10.0 0.0
1EY0-2WSY 0.0 10.0 0.0
1EY0-2ZTA 0.0 10.0 0.0
1EY0-3BLS 23.684 0.75 38.0
1EY0-3D2A 0.0 10.0 0.0
1EY0-3HHR 24.324 1.7 37.0
1EY0-3MBP 58.333 0.23 12.0
1EY0-3PGK 50.0 0.25 20.0
1EY0-3SSI 0.0 10.0 0.0
1EY0-451C 50.0 1.3 12.0
1EY0-4BLM 57.143 3.1 7.0
1EY0-5AZU 0.0 10.0 0.0
1EY0-5CRO 0.0 10.0 0.0
1IHB-1A23 33.333 8.9 12.0
1IHB-1A43 0.0 10.0 0.0
1IHB-1A5E 39.85 1.83e-28 133.0
1IHB-1AAR 50.0 0.21 10.0
1IHB-1AG2 0.0 10.0 0.0
1IHB-1AJ3 50.0 0.77 12.0
1IHB-1AKK 26.087 0.55 23.0
1IHB-1AM7 28.0 1.2 25.0
1IHB-1ANK 40.741 0.16 27.0
1IHB-1AON 0.0 10.0 0.0
1IHB-1APS 25.0 1.5 24.0
1IHB-1ARR 0.0 10.0 0.0
1IHB-1AV1 31.25 0.033 32.0
1IHB-1AXB 20.0 4.7 20.0
1IHB-1AYF 27.273 5.1 22.0
1IHB-1AZP 0.0 10.0 0.0
1IHB-1B0O 0.0 10.0 0.0
1IHB-1B26 0.0 10.0 0.0
1IHB-1B5M 0.0 10.0 0.0
1IHB-1BLC 0.0 10.0 0.0
1IHB-1BNL 0.0 10.0 0.0
1IHB-1BOY 19.048 0.57 42.0
1IHB-1BP2 0.0 10.0 0.0
1IHB-1BPI 0.0 10.0 0.0
1IHB-1BTA 38.889 4.8 18.0
1IHB-1BVC 23.81 5.7 21.0
1IHB-1C2R 35.714 3.1 14.0
1IHB-1C5G 50.0 1.7 10.0
1IHB-1C9O 0.0 10.0 0.0
1IHB-1CAH 28.846 1.5 52.0
1IHB-1CHK 24.0 1.5 50.0
1IHB-1CLW 26.471 4.3 34.0
1IHB-1CSP 0.0 10.0 0.0
1IHB-1CYC 0.0 10.0 0.0
1IHB-1CYO 41.667 2.1 12.0
1IHB-1DIL 25.0 0.72 24.0
1IHB-1DIV 33.333 4.4 39.0
1IHB-1DKT 0.0 10.0 0.0
1IHB-1DPM 35.294 6.2 34.0
1IHB-1EL1 35.714 0.79 14.0
1IHB-1FEP 34.783 0.63 23.0
1IHB-1FKJ 0.0 10.0 0.0
1IHB-1FLV 0.0 10.0 0.0
1IHB-1FNF 25.0 0.052 36.0
1IHB-1FRD 26.923 2.9 26.0
1IHB-1FTG 0.0 10.0 0.0
1IHB-1FXA 0.0 10.0 0.0
1IHB-1G6N 30.303 0.086 33.0
1IHB-1H7M 31.034 0.002 29.0
1IHB-1HFY 0.0 10.0 0.0
1IHB-1HK0 54.545 0.43 11.0
1IHB-1HME 18.182 1.2 22.0
1IHB-1HNG 0.0 10.0 0.0
1IHB-1HTI 30.0 2.2 20.0
1IHB-1I5T 26.087 0.55 23.0
1IHB-1IDS 31.818 1.3 44.0
1IHB-1IFB 38.095 0.92 21.0
1IHB-1IGV 0.0 10.0 0.0
1IHB-1IMQ 22.581 0.75 31.0
1IHB-1IO2 0.0 10.0 0.0
1IHB-1IR3 30.0 1.9 20.0
1IHB-1IRO 60.0 0.57 10.0
1IHB-1KDX 50.0 9.3 4.0
1IHB-1KFW 40.0 9.8 10.0
1IHB-1LS4 42.857 0.38 21.0
1IHB-1LVE 0.0 10.0 0.0
1IHB-1MBG 0.0 10.0 0.0
1IHB-1MJC 0.0 10.0 0.0
1IHB-1MSI 20.513 6.4 39.0
1IHB-1N0J 22.581 0.54 31.0
1IHB-1OIA 20.513 7.4 39.0
1IHB-1ONC 0.0 10.0 0.0
1IHB-1OTR 50.0 0.21 10.0
1IHB-1PGA 0.0 10.0 0.0
1IHB-1PIN 0.0 10.0 0.0
1IHB-1POH 26.471 0.29 102.0
1IHB-1QGV 71.429 3.5 7.0
1IHB-1QJP 60.0 0.25 10.0
1IHB-1QLP 31.325 0.31 83.0
1IHB-1QQV 0.0 10.0 0.0
1IHB-1RGG 0.0 10.0 0.0
1IHB-1RHG 0.0 10.0 0.0
1IHB-1RIS 25.424 0.068 59.0
1IHB-1ROP 60.0 3.4 5.0
1IHB-1RRO 39.13 0.48 23.0
1IHB-1RTB 0.0 10.0 0.0
1IHB-1RTP 66.667 0.32 6.0
1IHB-1RX4 22.727 0.022 44.0
1IHB-1SAK 0.0 10.0 0.0
1IHB-1SCE 0.0 10.0 0.0
1IHB-1SHF 0.0 10.0 0.0
1IHB-1SHG 38.095 0.28 21.0
1IHB-1SSO 0.0 10.0 0.0
1IHB-1STN 0.0 10.0 0.0
1IHB-1SUP 0.0 10.0 0.0
1IHB-1TEN 25.0 1.3 24.0
1IHB-1THQ 44.444 0.045 18.0
1IHB-1TIT 30.303 0.02 33.0
1IHB-1TPK 33.333 0.88 12.0
1IHB-1TTG 0.0 10.0 0.0
1IHB-1TUP 30.189 0.017 53.0
1IHB-1UBQ 50.0 0.21 10.0
1IHB-1UWO 40.0 0.25 10.0
1IHB-1UZC 0.0 10.0 0.0
1IHB-1W4H 0.0 10.0 0.0
1IHB-1WQ5 0.0 10.0 0.0
1IHB-1YCC 0.0 10.0 0.0
1IHB-1YEA 0.0 10.0 0.0
1IHB-2A36 36.842 0.1 19.0
1IHB-2ABD 0.0 10.0 0.0
1IHB-2ADA 54.545 4.3 11.0
1IHB-2AFG 33.333 3.3 15.0
1IHB-2AKY 26.415 1.6 106.0
1IHB-2BRD 33.333 1.6 18.0
1IHB-2CI2 20.0 5.0 30.0
1IHB-2CRK 62.5 0.83 8.0
1IHB-2HMB 0.0 10.0 0.0
1IHB-2HPR 50.0 0.003 16.0
1IHB-2IFB 38.095 0.92 21.0
1IHB-2IMM 0.0 10.0 0.0
1IHB-2Q98 0.0 10.0 0.0
1IHB-2TRX 40.0 0.082 15.0
1IHB-2WSY 0.0 10.0 0.0
1IHB-2ZTA 0.0 10.0 0.0
1IHB-3BLS 20.37 1.4 54.0
1IHB-3D2A 25.806 2.3 31.0
1IHB-3HHR 0.0 10.0 0.0
1IHB-3MBP 24.138 4.7 29.0
1IHB-3PGK 32.653 0.21 49.0
1IHB-3SSI 0.0 10.0 0.0
1IHB-451C 50.0 1.1 8.0
1IHB-4BLM 0.0 10.0 0.0
1IHB-5AZU 28.571 3.8 14.0
1IHB-5CRO 0.0 10.0 0.0
1IOB-1A23 66.667 2.7 6.0
1IOB-1A43 0.0 10.0 0.0
1IOB-1A5E 80.0 0.59 5.0
1IOB-1AAR 0.0 10.0 0.0
1IOB-1AG2 0.0 10.0 0.0
1IOB-1AJ3 25.373 1.0 67.0
1IOB-1AKK 0.0 10.0 0.0
1IOB-1AM7 66.667 0.79 6.0
1IOB-1ANK 39.13 0.083 23.0
1IOB-1AON 0.0 10.0 0.0
1IOB-1APS 0.0 10.0 0.0
1IOB-1ARR 0.0 10.0 0.0
1IOB-1AV1 0.0 10.0 0.0
1IOB-1AXB 46.154 1.2 13.0
1IOB-1AYF 0.0 10.0 0.0
1IOB-1AZP 33.333 0.82 18.0
1IOB-1B0O 24.528 2.1 53.0
1IOB-1B26 25.0 0.005 80.0
1IOB-1B5M 20.0 0.055 25.0
1IOB-1BLC 38.889 0.46 18.0
1IOB-1BNL 27.586 0.76 29.0
1IOB-1BOY 75.0 8.9 4.0
1IOB-1BP2 33.333 2.3 12.0
1IOB-1BPI 0.0 10.0 0.0
1IOB-1BTA 0.0 10.0 0.0
1IOB-1BVC 0.0 10.0 0.0
1IOB-1C2R 33.333 0.11 15.0
1IOB-1C5G 30.612 0.52 49.0
1IOB-1C9O 40.0 4.4 5.0
1IOB-1CAH 32.609 0.002 46.0
1IOB-1CHK 57.143 0.83 7.0
1IOB-1CLW 83.333 1.9 6.0
1IOB-1CSP 25.0 5.3 12.0
1IOB-1CYC 0.0 10.0 0.0
1IOB-1CYO 25.0 0.14 24.0
1IOB-1DIL 22.388 0.24 67.0
1IOB-1DIV 0.0 10.0 0.0
1IOB-1DKT 0.0 10.0 0.0
1IOB-1DPM 60.0 0.95 10.0
1IOB-1EL1 57.143 4.4 7.0
1IOB-1FEP 29.63 0.64 27.0
1IOB-1FKJ 0.0 10.0 0.0
1IOB-1FLV 18.182 1.3 44.0
1IOB-1FNF 0.0 10.0 0.0
1IOB-1FRD 50.0 3.0 8.0
1IOB-1FTG 18.182 1.3 44.0
1IOB-1FXA 66.667 0.76 6.0
1IOB-1G6N 0.0 10.0 0.0
1IOB-1H7M 0.0 10.0 0.0
1IOB-1HFY 40.0 0.14 15.0
1IOB-1HK0 0.0 10.0 0.0
1IOB-1HME 43.75 0.87 16.0
1IOB-1HNG 28.571 0.74 35.0
1IOB-1HTI 0.0 10.0 0.0
1IOB-1I5T 0.0 10.0 0.0
1IOB-1IDS 28.0 5.5 25.0
1IOB-1IFB 0.0 10.0 0.0
1IOB-1IGV 0.0 10.0 0.0
1IOB-1IMQ 0.0 10.0 0.0
1IOB-1IO2 0.0 10.0 0.0
1IOB-1IR3 66.667 5.7 6.0
1IOB-1IRO 0.0 10.0 0.0
1IOB-1KDX 27.778 0.45 18.0
1IOB-1KFW 27.273 9.2 22.0
1IOB-1LS4 0.0 10.0 0.0
1IOB-1LVE 0.0 10.0 0.0
1IOB-1MBG 0.0 10.0 0.0
1IOB-1MJC 0.0 10.0 0.0
1IOB-1MSI 0.0 10.0 0.0
1IOB-1N0J 0.0 10.0 0.0
1IOB-1OIA 0.0 10.0 0.0
1IOB-1ONC 0.0 10.0 0.0
1IOB-1OTR 0.0 10.0 0.0
1IOB-1PGA 0.0 10.0 0.0
1IOB-1PIN 0.0 10.0 0.0
1IOB-1POH 35.714 4.7 14.0
1IOB-1QGV 66.667 1.3 6.0
1IOB-1QJP 62.5 0.28 8.0
1IOB-1QLP 27.835 0.015 97.0
1IOB-1QQV 0.0 10.0 0.0
1IOB-1RGG 0.0 10.0 0.0
1IOB-1RHG 36.842 0.34 19.0
1IOB-1RIS 100.0 3.0 2.0
1IOB-1ROP 50.0 0.23 8.0
1IOB-1RRO 0.0 10.0 0.0
1IOB-1RTB 29.63 0.006 27.0
1IOB-1RTP 57.143 1.8 7.0
1IOB-1RX4 36.364 0.57 22.0
1IOB-1SAK 0.0 10.0 0.0
1IOB-1SCE 0.0 10.0 0.0
1IOB-1SHF 37.5 0.19 16.0
1IOB-1SHG 0.0 10.0 0.0
1IOB-1SSO 0.0 10.0 0.0
1IOB-1STN 30.0 0.54 40.0
1IOB-1SUP 0.0 10.0 0.0
1IOB-1TEN 0.0 10.0 0.0
1IOB-1THQ 0.0 10.0 0.0
1IOB-1TIT 0.0 10.0 0.0
1IOB-1TPK 0.0 10.0 0.0
1IOB-1TTG 0.0 10.0 0.0
1IOB-1TUP 0.0 10.0 0.0
1IOB-1UBQ 0.0 10.0 0.0
1IOB-1UWO 0.0 10.0 0.0
1IOB-1UZC 36.364 0.97 11.0
1IOB-1W4H 30.0 3.7 10.0
1IOB-1WQ5 0.0 10.0 0.0
1IOB-1YCC 50.0 7.5 6.0
1IOB-1YEA 0.0 10.0 0.0
1IOB-2A36 23.529 6.3 17.0
1IOB-2ABD 0.0 10.0 0.0
1IOB-2ADA 30.435 0.75 23.0
1IOB-2AFG 45.455 0.3 22.0
1IOB-2AKY 50.0 5.7 8.0
1IOB-2BRD 17.647 2.8 17.0
1IOB-2CI2 0.0 10.0 0.0
1IOB-2CRK 0.0 10.0 0.0
1IOB-2HMB 0.0 10.0 0.0
1IOB-2HPR 0.0 10.0 0.0
1IOB-2IFB 0.0 10.0 0.0
1IOB-2IMM 0.0 10.0 0.0
1IOB-2Q98 50.0 0.27 10.0
1IOB-2TRX 0.0 10.0 0.0
1IOB-2WSY 0.0 10.0 0.0
1IOB-2ZTA 0.0 10.0 0.0
1IOB-3BLS 50.0 8.0 8.0
1IOB-3D2A 46.154 1.1 13.0
1IOB-3HHR 28.947 0.46 38.0
1IOB-3MBP 33.333 0.46 21.0
1IOB-3PGK 0.0 10.0 0.0
1IOB-3SSI 30.769 0.48 26.0
1IOB-451C 0.0 10.0 0.0
1IOB-4BLM 0.0 10.0 0.0
1IOB-5AZU 37.5 0.088 16.0
1IOB-5CRO 0.0 10.0 0.0
1L63-1A23 0.0 10.0 0.0
1L63-1A43 0.0 10.0 0.0
1L63-1A5E 0.0 10.0 0.0
1L63-1AAR 0.0 10.0 0.0
1L63-1AG2 23.81 6.1 21.0
1L63-1AJ3 25.926 0.49 54.0
1L63-1AKK 100.0 9.7 2.0
1L63-1AM7 80.0 0.31 5.0
1L63-1ANK 0.0 10.0 0.0
1L63-1AON 0.0 10.0 0.0
1L63-1APS 26.667 1.4 15.0
1L63-1ARR 0.0 10.0 0.0
1L63-1AV1 66.667 0.9 6.0
1L63-1AXB 23.077 1.2 13.0
1L63-1AYF 0.0 10.0 0.0
1L63-1AZP 33.333 9.8 18.0
1L63-1B0O 26.471 3.9 34.0
1L63-1B26 34.286 0.46 35.0
1L63-1B5M 0.0 10.0 0.0
1L63-1BLC 60.0 2.8 10.0
1L63-1BNL 28.205 0.058 39.0
1L63-1BOY 0.0 10.0 0.0
1L63-1BP2 0.0 10.0 0.0
1L63-1BPI 0.0 10.0 0.0
1L63-1BTA 0.0 10.0 0.0
1L63-1BVC 0.0 10.0 0.0
1L63-1C2R 0.0 10.0 0.0
1L63-1C5G 26.316 8.3 19.0
1L63-1C9O 0.0 10.0 0.0
1L63-1CAH 31.579 2.6 19.0
1L63-1CHK 0.0 10.0 0.0
1L63-1CLW 42.424 0.7 33.0
1L63-1CSP 0.0 10.0 0.0
1L63-1CYC 0.0 10.0 0.0
1L63-1CYO 0.0 10.0 0.0
1L63-1DIL 24.324 0.17 37.0
1L63-1DIV 0.0 10.0 0.0
1L63-1DKT 0.0 10.0 0.0
1L63-1DPM 0.0 10.0 0.0
1L63-1EL1 83.333 0.15 6.0
1L63-1FEP 83.333 0.37 6.0
1L63-1FKJ 0.0 10.0 0.0
1L63-1FLV 0.0 10.0 0.0
1L63-1FNF 42.857 6.4 14.0
1L63-1FRD 0.0 10.0 0.0
1L63-1FTG 0.0 10.0 0.0
1L63-1FXA 0.0 10.0 0.0
1L63-1G6N 28.947 0.99 38.0
1L63-1H7M 0.0 10.0 0.0
1L63-1HFY 29.412 0.85 17.0
1L63-1HK0 0.0 10.0 0.0
1L63-1HME 0.0 10.0 0.0
1L63-1HNG 29.63 1.8 27.0
1L63-1HTI 46.154 0.91 13.0
1L63-1I5T 100.0 9.7 2.0
1L63-1IDS 25.0 0.74 24.0
1L63-1IFB 0.0 10.0 0.0
1L63-1IGV 31.25 0.036 32.0
1L63-1IMQ 0.0 10.0 0.0
1L63-1IO2 50.0 0.33 12.0
1L63-1IR3 0.0 10.0 0.0
1L63-1IRO 0.0 10.0 0.0
1L63-1KDX 0.0 10.0 0.0
1L63-1KFW 28.0 0.73 25.0
1L63-1LS4 0.0 10.0 0.0
1L63-1LVE 30.769 0.025 13.0
1L63-1MBG 0.0 10.0 0.0
1L63-1MJC 36.842 1.5 19.0
1L63-1MSI 0.0 10.0 0.0
1L63-1N0J 57.143 1.1 7.0
1L63-1OIA 53.846 0.15 13.0
1L63-1ONC 27.586 0.62 29.0
1L63-1OTR 0.0 10.0 0.0
1L63-1PGA 36.842 0.043 19.0
1L63-1PIN 0.0 10.0 0.0
1L63-1POH 25.926 2.3 27.0
1L63-1QGV 30.769 4.9 13.0
1L63-1QJP 28.571 3.5 14.0
1L63-1QLP 0.0 10.0 0.0
1L63-1QQV 0.0 10.0 0.0
1L63-1RGG 0.0 10.0 0.0
1L63-1RHG 22.078 0.8 77.0
1L63-1RIS 33.333 0.28 15.0
1L63-1ROP 25.0 1.4 36.0
1L63-1RRO 0.0 10.0 0.0
1L63-1RTB 0.0 10.0 0.0
1L63-1RTP 0.0 10.0 0.0
1L63-1RX4 32.0 0.044 25.0
1L63-1SAK 0.0 10.0 0.0
1L63-1SCE 50.0 0.006 12.0
1L63-1SHF 55.556 0.7 9.0
1L63-1SHG 0.0 10.0 0.0
1L63-1SSO 0.0 10.0 0.0
1L63-1STN 0.0 10.0 0.0
1L63-1SUP 0.0 10.0 0.0
1L63-1TEN 0.0 10.0 0.0
1L63-1THQ 28.571 6.9 14.0
1L63-1TIT 0.0 10.0 0.0
1L63-1TPK 0.0 10.0 0.0
1L63-1TTG 42.857 1.5 14.0
1L63-1TUP 41.667 0.34 12.0
1L63-1UBQ 0.0 10.0 0.0
1L63-1UWO 24.59 0.25 61.0
1L63-1UZC 75.0 5.2 4.0
1L63-1W4H 31.25 0.55 16.0
1L63-1WQ5 33.333 0.25 24.0
1L63-1YCC 50.0 0.84 10.0
1L63-1YEA 46.154 0.11 13.0
1L63-2A36 0.0 10.0 0.0
1L63-2ABD 0.0 10.0 0.0
1L63-2ADA 40.0 0.28 10.0
1L63-2AFG 22.727 0.38 22.0
1L63-2AKY 21.212 4.6 33.0
1L63-2BRD 0.0 10.0 0.0
1L63-2CI2 28.571 0.13 28.0
1L63-2CRK 0.0 10.0 0.0
1L63-2HMB 33.333 0.67 12.0
1L63-2HPR 0.0 10.0 0.0
1L63-2IFB 0.0 10.0 0.0
1L63-2IMM 30.769 0.018 13.0
1L63-2Q98 27.778 0.021 36.0
1L63-2TRX 0.0 10.0 0.0
1L63-2WSY 45.455 1.4 11.0
1L63-2ZTA 0.0 10.0 0.0
1L63-3BLS 26.667 0.031 45.0
1L63-3D2A 0.0 10.0 0.0
1L63-3HHR 26.316 2.2 19.0
1L63-3MBP 60.0 9.4 5.0
1L63-3PGK 33.333 1.9 21.0
1L63-3SSI 0.0 10.0 0.0
1L63-451C 0.0 10.0 0.0
1L63-4BLM 25.0 1.6 48.0
1L63-5AZU 0.0 10.0 0.0
1L63-5CRO 0.0 10.0 0.0
1LZ1-1A23 27.778 2.0 18.0
1LZ1-1A43 0.0 10.0 0.0
1LZ1-1A5E 0.0 10.0 0.0
1LZ1-1AAR 0.0 10.0 0.0
1LZ1-1AG2 0.0 10.0 0.0
1LZ1-1AJ3 0.0 10.0 0.0
1LZ1-1AKK 0.0 10.0 0.0
1LZ1-1AM7 31.034 0.012 29.0
1LZ1-1ANK 0.0 10.0 0.0
1LZ1-1AON 0.0 10.0 0.0
1LZ1-1APS 33.333 2.0 18.0
1LZ1-1ARR 23.81 0.72 21.0
1LZ1-1AV1 25.0 7.5 24.0
1LZ1-1AXB 0.0 10.0 0.0
1LZ1-1AYF 57.143 0.84 7.0
1LZ1-1AZP 0.0 10.0 0.0
1LZ1-1B0O 24.242 0.17 33.0
1LZ1-1B26 30.0 0.66 10.0
1LZ1-1B5M 0.0 10.0 0.0
1LZ1-1BLC 0.0 10.0 0.0
1LZ1-1BNL 19.048 9.6 21.0
1LZ1-1BOY 40.0 1.8 5.0
1LZ1-1BP2 37.5 6.9 8.0
1LZ1-1BPI 0.0 10.0 0.0
1LZ1-1BTA 43.333 0.002 30.0
1LZ1-1BVC 0.0 10.0 0.0
1LZ1-1C2R 0.0 10.0 0.0
1LZ1-1C5G 57.143 10.0 7.0
1LZ1-1C9O 0.0 10.0 0.0
1LZ1-1CAH 24.138 1.3 29.0
1LZ1-1CHK 0.0 10.0 0.0
1LZ1-1CLW 54.545 0.64 11.0
1LZ1-1CSP 0.0 10.0 0.0
1LZ1-1CYC 30.769 8.3 13.0
1LZ1-1CYO 18.182 8.0 22.0
1LZ1-1DIL 28.571 0.35 14.0
1LZ1-1DIV 0.0 10.0 0.0
1LZ1-1DKT 0.0 10.0 0.0
1LZ1-1DPM 0.0 10.0 0.0
1LZ1-1EL1 52.308 6.3299999999999995e-55 130.0
1LZ1-1FEP 29.167 1.4 24.0
1LZ1-1FKJ 0.0 10.0 0.0
1LZ1-1FLV 28.846 0.17 52.0
1LZ1-1FNF 23.077 0.29 52.0
1LZ1-1FRD 0.0 10.0 0.0
1LZ1-1FTG 28.846 0.17 52.0
1LZ1-1FXA 0.0 10.0 0.0
1LZ1-1G6N 31.034 0.013 29.0
1LZ1-1H7M 0.0 10.0 0.0
1LZ1-1HFY 39.316 3.49e-31 117.0
1LZ1-1HK0 0.0 10.0 0.0
1LZ1-1HME 0.0 10.0 0.0
1LZ1-1HNG 25.0 2.6 28.0
1LZ1-1HTI 32.258 0.000823 31.0
1LZ1-1I5T 0.0 10.0 0.0
1LZ1-1IDS 0.0 10.0 0.0
1LZ1-1IFB 0.0 10.0 0.0
1LZ1-1IGV 0.0 10.0 0.0
1LZ1-1IMQ 26.087 1.4 23.0
1LZ1-1IO2 0.0 10.0 0.0
1LZ1-1IR3 18.421 8.1 38.0
1LZ1-1IRO 0.0 10.0 0.0
1LZ1-1KDX 0.0 10.0 0.0
1LZ1-1KFW 50.0 2.1 10.0
1LZ1-1LS4 0.0 10.0 0.0
1LZ1-1LVE 0.0 10.0 0.0
1LZ1-1MBG 0.0 10.0 0.0
1LZ1-1MJC 0.0 10.0 0.0
1LZ1-1MSI 0.0 10.0 0.0
1LZ1-1N0J 30.0 4.8 30.0
1LZ1-1OIA 0.0 10.0 0.0
1LZ1-1ONC 20.0 6.8 10.0
1LZ1-1OTR 0.0 10.0 0.0
1LZ1-1PGA 0.0 10.0 0.0
1LZ1-1PIN 50.0 8.3 4.0
1LZ1-1POH 0.0 10.0 0.0
1LZ1-1QGV 0.0 10.0 0.0
1LZ1-1QJP 0.0 10.0 0.0
1LZ1-1QLP 37.5 0.035 24.0
1LZ1-1QQV 0.0 10.0 0.0
1LZ1-1RGG 0.0 10.0 0.0
1LZ1-1RHG 0.0 10.0 0.0
1LZ1-1RIS 50.0 2.4 8.0
1LZ1-1ROP 0.0 10.0 0.0
1LZ1-1RRO 0.0 10.0 0.0
1LZ1-1RTB 26.316 1.7 19.0
1LZ1-1RTP 0.0 10.0 0.0
1LZ1-1RX4 0.0 10.0 0.0
1LZ1-1SAK 0.0 10.0 0.0
1LZ1-1SCE 29.412 0.52 17.0
1LZ1-1SHF 66.667 5.7 3.0
1LZ1-1SHG 0.0 10.0 0.0
1LZ1-1SSO 37.931 1.9 29.0
1LZ1-1STN 33.333 0.28 12.0
1LZ1-1SUP 34.483 0.035 29.0
1LZ1-1TEN 26.316 0.44 19.0
1LZ1-1THQ 29.412 2.4 17.0
1LZ1-1TIT 0.0 10.0 0.0
1LZ1-1TPK 25.0 4.5 20.0
1LZ1-1TTG 0.0 10.0 0.0
1LZ1-1TUP 37.5 0.26 16.0
1LZ1-1UBQ 0.0 10.0 0.0
1LZ1-1UWO 0.0 10.0 0.0
1LZ1-1UZC 0.0 10.0 0.0
1LZ1-1W4H 0.0 10.0 0.0
1LZ1-1WQ5 31.25 0.78 16.0
1LZ1-1YCC 0.0 10.0 0.0
1LZ1-1YEA 40.0 8.4 10.0
1LZ1-2A36 0.0 10.0 0.0
1LZ1-2ABD 45.455 0.42 11.0
1LZ1-2ADA 21.875 4.3 32.0
1LZ1-2AFG 0.0 10.0 0.0
1LZ1-2AKY 0.0 10.0 0.0
1LZ1-2BRD 0.0 10.0 0.0
1LZ1-2CI2 0.0 10.0 0.0
1LZ1-2CRK 57.143 1.7 7.0
1LZ1-2HMB 0.0 10.0 0.0
1LZ1-2HPR 0.0 10.0 0.0
1LZ1-2IFB 0.0 10.0 0.0
1LZ1-2IMM 33.333 1.7 15.0
1LZ1-2Q98 33.333 0.001 30.0
1LZ1-2TRX 60.0 4.2 5.0
1LZ1-2WSY 0.0 10.0 0.0
1LZ1-2ZTA 0.0 10.0 0.0
1LZ1-3BLS 38.462 2.1 13.0
1LZ1-3D2A 71.429 0.73 7.0
1LZ1-3HHR 16.0 9.2 25.0
1LZ1-3MBP 33.333 3.5 24.0
1LZ1-3PGK 23.333 3.1 30.0
1LZ1-3SSI 50.0 0.94 10.0
1LZ1-451C 0.0 10.0 0.0
1LZ1-4BLM 50.0 4.5 8.0
1LZ1-5AZU 0.0 10.0 0.0
1LZ1-5CRO 50.0 0.59 6.0
1OH0-1A23 33.333 3.6 15.0
1OH0-1A43 0.0 10.0 0.0
1OH0-1A5E 17.021 2.6 47.0
1OH0-1AAR 40.0 0.095 15.0
1OH0-1AG2 0.0 10.0 0.0
1OH0-1AJ3 0.0 10.0 0.0
1OH0-1AKK 0.0 10.0 0.0
1OH0-1AM7 30.769 0.54 13.0
1OH0-1ANK 0.0 10.0 0.0
1OH0-1AON 27.451 0.42 51.0
1OH0-1APS 34.615 0.19 26.0
1OH0-1ARR 0.0 10.0 0.0
1OH0-1AV1 0.0 10.0 0.0
1OH0-1AXB 0.0 10.0 0.0
1OH0-1AYF 0.0 10.0 0.0
1OH0-1AZP 37.5 5.4 8.0
1OH0-1B0O 42.857 3.1 7.0
1OH0-1B26 26.087 3.1 23.0
1OH0-1B5M 31.579 2.9 19.0
1OH0-1BLC 0.0 10.0 0.0
1OH0-1BNL 0.0 10.0 0.0
1OH0-1BOY 38.889 0.021 18.0
1OH0-1BP2 0.0 10.0 0.0
1OH0-1BPI 0.0 10.0 0.0
1OH0-1BTA 0.0 10.0 0.0
1OH0-1BVC 50.0 0.36 10.0
1OH0-1C2R 25.714 0.35 35.0
1OH0-1C5G 33.333 0.79 27.0
1OH0-1C9O 0.0 10.0 0.0
1OH0-1CAH 31.579 0.12 19.0
1OH0-1CHK 46.154 0.16 13.0
1OH0-1CLW 53.846 0.22 13.0
1OH0-1CSP 0.0 10.0 0.0
1OH0-1CYC 0.0 10.0 0.0
1OH0-1CYO 0.0 10.0 0.0
1OH0-1DIL 0.0 10.0 0.0
1OH0-1DIV 25.0 4.6 12.0
1OH0-1DKT 0.0 10.0 0.0
1OH0-1DPM 50.0 1.3 8.0
1OH0-1EL1 0.0 10.0 0.0
1OH0-1FEP 66.667 1.2 6.0
1OH0-1FKJ 0.0 10.0 0.0
1OH0-1FLV 0.0 10.0 0.0
1OH0-1FNF 20.0 0.25 35.0
1OH0-1FRD 30.769 0.61 13.0
1OH0-1FTG 0.0 10.0 0.0
1OH0-1FXA 0.0 10.0 0.0
1OH0-1G6N 41.667 0.22 12.0
1OH0-1H7M 0.0 10.0 0.0
1OH0-1HFY 28.571 0.88 14.0
1OH0-1HK0 25.0 0.006 64.0
1OH0-1HME 50.0 5.8 8.0
1OH0-1HNG 33.333 0.97 12.0
1OH0-1HTI 31.034 2.2 29.0
1OH0-1I5T 0.0 10.0 0.0
1OH0-1IDS 28.571 0.9 42.0
1OH0-1IFB 0.0 10.0 0.0
1OH0-1IGV 0.0 10.0 0.0
1OH0-1IMQ 50.0 3.9 4.0
1OH0-1IO2 0.0 10.0 0.0
1OH0-1IR3 19.792 0.38 96.0
1OH0-1IRO 30.769 6.7 13.0
1OH0-1KDX 0.0 10.0 0.0
1OH0-1KFW 83.333 0.65 6.0
1OH0-1LS4 0.0 10.0 0.0
1OH0-1LVE 0.0 10.0 0.0
1OH0-1MBG 0.0 10.0 0.0
1OH0-1MJC 0.0 10.0 0.0
1OH0-1MSI 0.0 10.0 0.0
1OH0-1N0J 0.0 10.0 0.0
1OH0-1OIA 0.0 10.0 0.0
1OH0-1ONC 0.0 10.0 0.0
1OH0-1OTR 33.333 0.17 15.0
1OH0-1PGA 0.0 10.0 0.0
1OH0-1PIN 43.75 2.1 16.0
1OH0-1POH 0.0 10.0 0.0
1OH0-1QGV 29.63 0.11 27.0
1OH0-1QJP 33.333 1.1 15.0
1OH0-1QLP 23.529 3.2 34.0
1OH0-1QQV 0.0 10.0 0.0
1OH0-1RGG 0.0 10.0 0.0
1OH0-1RHG 0.0 10.0 0.0
1OH0-1RIS 0.0 10.0 0.0
1OH0-1ROP 34.375 0.005 32.0
1OH0-1RRO 50.0 6.0 6.0
1OH0-1RTB 35.714 1.5 14.0
1OH0-1RTP 0.0 10.0 0.0
1OH0-1RX4 66.667 0.78 6.0
1OH0-1SAK 0.0 10.0 0.0
1OH0-1SCE 0.0 10.0 0.0
1OH0-1SHF 0.0 10.0 0.0
1OH0-1SHG 17.073 1.0 41.0
1OH0-1SSO 0.0 10.0 0.0
1OH0-1STN 0.0 10.0 0.0
1OH0-1SUP 33.333 5.0 12.0
1OH0-1TEN 0.0 10.0 0.0
1OH0-1THQ 0.0 10.0 0.0
1OH0-1TIT 100.0 3.3 3.0
1OH0-1TPK 0.0 10.0 0.0
1OH0-1TTG 0.0 10.0 0.0
1OH0-1TUP 28.125 0.37 32.0
1OH0-1UBQ 40.0 0.095 15.0
1OH0-1UWO 0.0 10.0 0.0
1OH0-1UZC 0.0 10.0 0.0
1OH0-1W4H 0.0 10.0 0.0
1OH0-1WQ5 0.0 10.0 0.0
1OH0-1YCC 57.143 0.31 7.0
1OH0-1YEA 20.0 7.7 10.0
1OH0-2A36 30.0 0.3 20.0
1OH0-2ABD 0.0 10.0 0.0
1OH0-2ADA 26.667 3.9 30.0
1OH0-2AFG 28.571 2.1 14.0
1OH0-2AKY 54.545 0.61 11.0
1OH0-2BRD 0.0 10.0 0.0
1OH0-2CI2 0.0 10.0 0.0
1OH0-2CRK 0.0 10.0 0.0
1OH0-2HMB 13.333 2.9 15.0
1OH0-2HPR 46.154 0.027 13.0
1OH0-2IFB 0.0 10.0 0.0
1OH0-2IMM 0.0 10.0 0.0
1OH0-2Q98 66.667 0.47 6.0
1OH0-2TRX 50.0 2.7 8.0
1OH0-2WSY 0.0 10.0 0.0
1OH0-2ZTA 0.0 10.0 0.0
1OH0-3BLS 50.0 1.9 8.0
1OH0-3D2A 35.714 0.13 14.0
1OH0-3HHR 0.0 10.0 0.0
1OH0-3MBP 26.923 5.1 26.0
1OH0-3PGK 28.947 0.02 38.0
1OH0-3SSI 40.0 0.4 10.0
1OH0-451C 0.0 10.0 0.0
1OH0-4BLM 0.0 10.0 0.0
1OH0-5AZU 28.125 0.3 32.0
1OH0-5CRO 0.0 10.0 0.0
1RN1-1A23 44.444 1.5 9.0
1RN1-1A43 23.529 5.6 17.0
1RN1-1A5E 22.727 0.036 44.0
1RN1-1AAR 0.0 10.0 0.0
1RN1-1AG2 50.0 0.29 10.0
1RN1-1AJ3 0.0 10.0 0.0
1RN1-1AKK 31.25 2.9 16.0
1RN1-1AM7 0.0 10.0 0.0
1RN1-1ANK 0.0 10.0 0.0
1RN1-1AON 36.364 0.051 22.0
1RN1-1APS 0.0 10.0 0.0
1RN1-1ARR 0.0 10.0 0.0
1RN1-1AV1 0.0 10.0 0.0
1RN1-1AXB 80.0 6.4 5.0
1RN1-1AYF 36.364 0.38 11.0
1RN1-1AZP 0.0 10.0 0.0
1RN1-1B0O 0.0 10.0 0.0
1RN1-1B26 37.5 2.3 16.0
1RN1-1B5M 0.0 10.0 0.0
1RN1-1BLC 28.571 0.6 21.0
1RN1-1BNL 30.0 0.64 20.0
1RN1-1BOY 31.579 0.89 19.0
1RN1-1BP2 30.0 5.6 10.0
1RN1-1BPI 50.0 0.08 8.0
1RN1-1BTA 54.545 2.8 11.0
1RN1-1BVC 0.0 10.0 0.0
1RN1-1C2R 43.75 2.1 16.0
1RN1-1C5G 35.0 1.0 20.0
1RN1-1C9O 0.0 10.0 0.0
1RN1-1CAH 0.0 10.0 0.0
1RN1-1CHK 23.81 8.1 21.0
1RN1-1CLW 38.462 1.8 13.0
1RN1-1CSP 0.0 10.0 0.0
1RN1-1CYC 31.818 0.054 22.0
1RN1-1CYO 0.0 10.0 0.0
1RN1-1DIL 26.667 5.6 15.0
1RN1-1DIV 0.0 10.0 0.0
1RN1-1DKT 0.0 10.0 0.0
1RN1-1DPM 0.0 10.0 0.0
1RN1-1EL1 0.0 10.0 0.0
1RN1-1FEP 23.404 0.041 47.0
1RN1-1FKJ 0.0 10.0 0.0
1RN1-1FLV 34.615 0.81 26.0
1RN1-1FNF 42.857 0.32 14.0
1RN1-1FRD 0.0 10.0 0.0
1RN1-1FTG 34.615 0.81 26.0
1RN1-1FXA 33.333 6.3 12.0
1RN1-1G6N 0.0 10.0 0.0
1RN1-1H7M 23.81 4.0 42.0
1RN1-1HFY 37.5 2.2 8.0
1RN1-1HK0 0.0 10.0 0.0
1RN1-1HME 0.0 10.0 0.0
1RN1-1HNG 0.0 10.0 0.0
1RN1-1HTI 34.483 0.009 29.0
1RN1-1I5T 31.25 2.9 16.0
1RN1-1IDS 42.105 0.059 19.0
1RN1-1IFB 60.0 4.6 5.0
1RN1-1IGV 0.0 10.0 0.0
1RN1-1IMQ 0.0 10.0 0.0
1RN1-1IO2 23.81 1.8 21.0
1RN1-1IR3 33.333 1.9 18.0
1RN1-1IRO 42.857 0.12 14.0
1RN1-1KDX 0.0 10.0 0.0
1RN1-1KFW 29.73 0.22 37.0
1RN1-1LS4 62.5 0.48 8.0
1RN1-1LVE 45.455 0.79 11.0
1RN1-1MBG 0.0 10.0 0.0
1RN1-1MJC 0.0 10.0 0.0
1RN1-1MSI 0.0 10.0 0.0
1RN1-1N0J 0.0 10.0 0.0
1RN1-1OIA 0.0 10.0 0.0
1RN1-1ONC 0.0 10.0 0.0
1RN1-1OTR 0.0 10.0 0.0
1RN1-1PGA 40.0 0.62 10.0
1RN1-1PIN 0.0 10.0 0.0
1RN1-1POH 0.0 10.0 0.0
1RN1-1QGV 0.0 10.0 0.0
1RN1-1QJP 25.581 0.26 43.0
1RN1-1QLP 45.455 1.9 11.0
1RN1-1QQV 0.0 10.0 0.0
1RN1-1RGG 23.333 0.033 30.0
1RN1-1RHG 0.0 10.0 0.0
1RN1-1RIS 0.0 10.0 0.0
1RN1-1ROP 0.0 10.0 0.0
1RN1-1RRO 30.435 2.9 23.0
1RN1-1RTB 45.455 0.24 11.0
1RN1-1RTP 0.0 10.0 0.0
1RN1-1RX4 27.778 0.41 18.0
1RN1-1SAK 0.0 10.0 0.0
1RN1-1SCE 0.0 10.0 0.0
1RN1-1SHF 40.0 2.9 10.0
1RN1-1SHG 37.5 0.83 8.0
1RN1-1SSO 0.0 10.0 0.0
1RN1-1STN 0.0 10.0 0.0
1RN1-1SUP 41.176 1.5 17.0
1RN1-1TEN 44.444 7.1 9.0
1RN1-1THQ 38.889 9.2 18.0
1RN1-1TIT 0.0 10.0 0.0
1RN1-1TPK 25.0 0.039 24.0
1RN1-1TTG 38.462 2.4 13.0
1RN1-1TUP 40.0 0.097 20.0
1RN1-1UBQ 0.0 10.0 0.0
1RN1-1UWO 0.0 10.0 0.0
1RN1-1UZC 0.0 10.0 0.0
1RN1-1W4H 40.741 0.026 27.0
1RN1-1WQ5 0.0 10.0 0.0
1RN1-1YCC 28.571 0.55 21.0
1RN1-1YEA 26.316 2.8 19.0
1RN1-2A36 0.0 10.0 0.0
1RN1-2ABD 25.0 1.5 12.0
1RN1-2ADA 44.444 0.15 18.0
1RN1-2AFG 0.0 10.0 0.0
1RN1-2AKY 22.857 7.4 35.0
1RN1-2BRD 23.077 9.4 13.0
1RN1-2CI2 0.0 10.0 0.0
1RN1-2CRK 55.556 0.55 9.0
1RN1-2HMB 0.0 10.0 0.0
1RN1-2HPR 0.0 10.0 0.0
1RN1-2IFB 60.0 4.6 5.0
1RN1-2IMM 19.048 7.5 21.0
1RN1-2Q98 66.667 0.72 6.0
1RN1-2TRX 0.0 10.0 0.0
1RN1-2WSY 0.0 10.0 0.0
1RN1-2ZTA 0.0 10.0 0.0
1RN1-3BLS 57.143 0.77 7.0
1RN1-3D2A 28.571 0.26 35.0
1RN1-3HHR 0.0 10.0 0.0
1RN1-3MBP 30.0 0.000542 20.0
1RN1-3PGK 35.714 0.99 14.0
1RN1-3SSI 34.375 0.085 32.0
1RN1-451C 0.0 10.0 0.0
1RN1-4BLM 0.0 10.0 0.0
1RN1-5AZU 36.842 0.27 19.0
1RN1-5CRO 0.0 10.0 0.0
1VQB-1A23 0.0 10.0 0.0
1VQB-1A43 0.0 10.0 0.0
1VQB-1A5E 22.222 1.7 36.0
1VQB-1AAR 0.0 10.0 0.0
1VQB-1AG2 0.0 10.0 0.0
1VQB-1AJ3 40.0 5.8 5.0
1VQB-1AKK 0.0 10.0 0.0
1VQB-1AM7 46.154 0.97 13.0
1VQB-1ANK 30.612 1.5 49.0
1VQB-1AON 0.0 10.0 0.0
1VQB-1APS 0.0 10.0 0.0
1VQB-1ARR 66.667 9.2 3.0
1VQB-1AV1 57.143 1.2 7.0
1VQB-1AXB 33.333 1.7 12.0
1VQB-1AYF 0.0 10.0 0.0
1VQB-1AZP 0.0 10.0 0.0
1VQB-1B0O 25.0 8.2 8.0
1VQB-1B26 28.0 4.3 25.0
1VQB-1B5M 0.0 10.0 0.0
1VQB-1BLC 35.484 7.2 31.0
1VQB-1BNL 0.0 10.0 0.0
1VQB-1BOY 41.667 1.9 12.0
1VQB-1BP2 0.0 10.0 0.0
1VQB-1BPI 0.0 10.0 0.0
1VQB-1BTA 0.0 10.0 0.0
1VQB-1BVC 0.0 10.0 0.0
1VQB-1C2R 0.0 10.0 0.0
1VQB-1C5G 0.0 10.0 0.0
1VQB-1C9O 71.429 0.083 7.0
1VQB-1CAH 47.368 0.023 19.0
1VQB-1CHK 0.0 10.0 0.0
1VQB-1CLW 0.0 10.0 0.0
1VQB-1CSP 71.429 0.084 7.0
1VQB-1CYC 0.0 10.0 0.0
1VQB-1CYO 44.444 9.6 9.0
1VQB-1DIL 50.0 2.8 8.0
1VQB-1DIV 0.0 10.0 0.0
1VQB-1DKT 0.0 10.0 0.0
1VQB-1DPM 40.0 0.83 10.0
1VQB-1EL1 0.0 10.0 0.0
1VQB-1FEP 57.143 0.88 7.0
1VQB-1FKJ 0.0 10.0 0.0
1VQB-1FLV 22.222 9.5 9.0
1VQB-1FNF 37.5 1.3 16.0
1VQB-1FRD 0.0 10.0 0.0
1VQB-1FTG 22.222 9.5 9.0
1VQB-1FXA 25.0 0.86 32.0
1VQB-1G6N 26.316 1.9 19.0
1VQB-1H7M 26.667 4.7 15.0
1VQB-1HFY 33.333 4.8 6.0
1VQB-1HK0 75.0 7.3 4.0
1VQB-1HME 0.0 10.0 0.0
1VQB-1HNG 0.0 10.0 0.0
1VQB-1HTI 0.0 10.0 0.0
1VQB-1I5T 0.0 10.0 0.0
1VQB-1IDS 0.0 10.0 0.0
1VQB-1IFB 0.0 10.0 0.0
1VQB-1IGV 34.286 0.026 35.0
1VQB-1IMQ 29.412 6.6 17.0
1VQB-1IO2 23.188 3.4 69.0
1VQB-1IR3 45.455 0.4 11.0
1VQB-1IRO 0.0 10.0 0.0
1VQB-1KDX 0.0 10.0 0.0
1VQB-1KFW 45.455 1.1 11.0
1VQB-1LS4 0.0 10.0 0.0
1VQB-1LVE 0.0 10.0 0.0
1VQB-1MBG 0.0 10.0 0.0
1VQB-1MJC 83.333 0.058 6.0
1VQB-1MSI 0.0 10.0 0.0
1VQB-1N0J 0.0 10.0 0.0
1VQB-1OIA 0.0 10.0 0.0
1VQB-1ONC 0.0 10.0 0.0
1VQB-1OTR 0.0 10.0 0.0
1VQB-1PGA 27.778 4.0 18.0
1VQB-1PIN 0.0 10.0 0.0
1VQB-1POH 26.316 0.097 38.0
1VQB-1QGV 0.0 10.0 0.0
1VQB-1QJP 42.857 3.3 7.0
1VQB-1QLP 0.0 10.0 0.0
1VQB-1QQV 28.0 0.68 25.0
1VQB-1RGG 50.0 0.41 8.0
1VQB-1RHG 32.143 0.9 28.0
1VQB-1RIS 0.0 10.0 0.0
1VQB-1ROP 0.0 10.0 0.0
1VQB-1RRO 33.333 0.43 18.0
1VQB-1RTB 0.0 10.0 0.0
1VQB-1RTP 40.0 1.7 10.0
1VQB-1RX4 50.0 1.6 10.0
1VQB-1SAK 0.0 10.0 0.0
1VQB-1SCE 0.0 10.0 0.0
1VQB-1SHF 0.0 10.0 0.0
1VQB-1SHG 0.0 10.0 0.0
1VQB-1SSO 0.0 10.0 0.0
1VQB-1STN 24.561 8.3 57.0
1VQB-1SUP 75.0 6.2 4.0
1VQB-1TEN 0.0 10.0 0.0
1VQB-1THQ 50.0 0.63 10.0
1VQB-1TIT 0.0 10.0 0.0
1VQB-1TPK 0.0 10.0 0.0
1VQB-1TTG 37.5 0.47 16.0
1VQB-1TUP 46.154 0.048 13.0
1VQB-1UBQ 0.0 10.0 0.0
1VQB-1UWO 37.5 0.68 8.0
1VQB-1UZC 0.0 10.0 0.0
1VQB-1W4H 0.0 10.0 0.0
1VQB-1WQ5 43.75 1.3 16.0
1VQB-1YCC 0.0 10.0 0.0
1VQB-1YEA 25.0 4.7 16.0
1VQB-2A36 0.0 10.0 0.0
1VQB-2ABD 0.0 10.0 0.0
1VQB-2ADA 0.0 10.0 0.0
1VQB-2AFG 0.0 10.0 0.0
1VQB-2AKY 0.0 10.0 0.0
1VQB-2BRD 42.105 1.4 19.0
1VQB-2CI2 27.273 1.2 11.0
1VQB-2CRK 46.667 0.017 15.0
1VQB-2HMB 0.0 10.0 0.0
1VQB-2HPR 57.143 0.42 7.0
1VQB-2IFB 0.0 10.0 0.0
1VQB-2IMM 30.0 0.48 20.0
1VQB-2Q98 0.0 10.0 0.0
1VQB-2TRX 0.0 10.0 0.0
1VQB-2WSY 21.622 7.2 37.0
1VQB-2ZTA 0.0 10.0 0.0
1VQB-3BLS 42.308 0.000259 26.0
1VQB-3D2A 0.0 10.0 0.0
1VQB-3HHR 0.0 10.0 0.0
1VQB-3MBP 0.0 10.0 0.0
1VQB-3PGK 0.0 10.0 0.0
1VQB-3SSI 0.0 10.0 0.0
1VQB-451C 0.0 10.0 0.0
1VQB-4BLM 0.0 10.0 0.0
1VQB-5AZU 0.0 10.0 0.0
1VQB-5CRO 0.0 10.0 0.0
2LZM-1A23 0.0 10.0 0.0
2LZM-1A43 0.0 10.0 0.0
2LZM-1A5E 0.0 10.0 0.0
2LZM-1AAR 0.0 10.0 0.0
2LZM-1AG2 23.81 5.3 21.0
2LZM-1AJ3 25.926 0.62 54.0
2LZM-1AKK 100.0 9.8 2.0
2LZM-1AM7 80.0 0.31 5.0
2LZM-1ANK 0.0 10.0 0.0
2LZM-1AON 0.0 10.0 0.0
2LZM-1APS 28.571 1.6 14.0
2LZM-1ARR 0.0 10.0 0.0
2LZM-1AV1 66.667 0.9 6.0
2LZM-1AXB 21.429 1.2 14.0
2LZM-1AYF 22.222 0.48 18.0
2LZM-1AZP 33.333 6.9 18.0
2LZM-1B0O 38.462 5.2 13.0
2LZM-1B26 34.286 0.33 35.0
2LZM-1B5M 0.0 10.0 0.0
2LZM-1BLC 60.0 2.8 10.0
2LZM-1BNL 28.205 0.067 39.0
2LZM-1BOY 0.0 10.0 0.0
2LZM-1BP2 0.0 10.0 0.0
2LZM-1BPI 0.0 10.0 0.0
2LZM-1BTA 0.0 10.0 0.0
2LZM-1BVC 0.0 10.0 0.0
2LZM-1C2R 21.111 0.01 90.0
2LZM-1C5G 26.316 8.8 19.0
2LZM-1C9O 0.0 10.0 0.0
2LZM-1CAH 31.579 2.5 19.0
2LZM-1CHK 0.0 10.0 0.0
2LZM-1CLW 40.0 0.41 35.0
2LZM-1CSP 0.0 10.0 0.0
2LZM-1CYC 0.0 10.0 0.0
2LZM-1CYO 0.0 10.0 0.0
2LZM-1DIL 57.143 1.3 7.0
2LZM-1DIV 0.0 10.0 0.0
2LZM-1DKT 0.0 10.0 0.0
2LZM-1DPM 0.0 10.0 0.0
2LZM-1EL1 30.0 0.1 20.0
2LZM-1FEP 75.0 0.2 8.0
2LZM-1FKJ 0.0 10.0 0.0
2LZM-1FLV 0.0 10.0 0.0
2LZM-1FNF 42.857 6.2 14.0
2LZM-1FRD 20.0 7.1 20.0
2LZM-1FTG 0.0 10.0 0.0
2LZM-1FXA 0.0 10.0 0.0
2LZM-1G6N 28.947 1.7 38.0
2LZM-1H7M 0.0 10.0 0.0
2LZM-1HFY 31.579 0.42 19.0
2LZM-1HK0 66.667 0.13 9.0
2LZM-1HME 0.0 10.0 0.0
2LZM-1HNG 24.59 0.8 122.0
2LZM-1HTI 46.154 0.89 13.0
2LZM-1I5T 100.0 9.8 2.0
2LZM-1IDS 22.222 0.73 27.0
2LZM-1IFB 0.0 10.0 0.0
2LZM-1IGV 31.25 0.031 32.0
2LZM-1IMQ 0.0 10.0 0.0
2LZM-1IO2 50.0 0.33 12.0
2LZM-1IR3 43.75 1.5 16.0
2LZM-1IRO 0.0 10.0 0.0
2LZM-1KDX 0.0 10.0 0.0
2LZM-1KFW 28.0 1.0 25.0
2LZM-1LS4 0.0 10.0 0.0
2LZM-1LVE 30.769 0.026 13.0
2LZM-1MBG 0.0 10.0 0.0
2LZM-1MJC 30.769 7.0 13.0
2LZM-1MSI 0.0 10.0 0.0
2LZM-1N0J 57.143 1.2 7.0
2LZM-1OIA 53.846 0.098 13.0
2LZM-1ONC 0.0 10.0 0.0
2LZM-1OTR 0.0 10.0 0.0
2LZM-1PGA 31.579 0.13 19.0
2LZM-1PIN 23.438 9.8 64.0
2LZM-1POH 0.0 10.0 0.0
2LZM-1QGV 30.769 4.8 13.0
2LZM-1QJP 28.571 3.7 14.0
2LZM-1QLP 0.0 10.0 0.0
2LZM-1QQV 0.0 10.0 0.0
2LZM-1RGG 0.0 10.0 0.0
2LZM-1RHG 22.078 1.0 77.0
2LZM-1RIS 33.333 0.3 15.0
2LZM-1ROP 55.556 2.2 9.0
2LZM-1RRO 0.0 10.0 0.0
2LZM-1RTB 0.0 10.0 0.0
2LZM-1RTP 0.0 10.0 0.0
2LZM-1RX4 32.0 0.039 25.0
2LZM-1SAK 0.0 10.0 0.0
2LZM-1SCE 50.0 0.006 12.0
2LZM-1SHF 55.556 0.67 9.0
2LZM-1SHG 0.0 10.0 0.0
2LZM-1SSO 0.0 10.0 0.0
2LZM-1STN 0.0 10.0 0.0
2LZM-1SUP 0.0 10.0 0.0
2LZM-1TEN 0.0 10.0 0.0
2LZM-1THQ 28.571 6.6 14.0
2LZM-1TIT 0.0 10.0 0.0
2LZM-1TPK 0.0 10.0 0.0
2LZM-1TTG 42.857 1.4 14.0
2LZM-1TUP 41.667 0.31 12.0
2LZM-1UBQ 0.0 10.0 0.0
2LZM-1UWO 24.59 0.34 61.0
2LZM-1UZC 75.0 5.4 4.0
2LZM-1W4H 31.25 0.83 16.0
2LZM-1WQ5 33.333 0.24 24.0
2LZM-1YCC 50.0 0.8 10.0
2LZM-1YEA 46.154 0.1 13.0
2LZM-2A36 0.0 10.0 0.0
2LZM-2ABD 0.0 10.0 0.0
2LZM-2ADA 40.0 0.29 10.0
2LZM-2AFG 22.727 0.5 22.0
2LZM-2AKY 21.212 4.1 33.0
2LZM-2BRD 0.0 10.0 0.0
2LZM-2CI2 28.571 0.1 28.0
2LZM-2CRK 0.0 10.0 0.0
2LZM-2HMB 33.333 0.7 12.0
2LZM-2HPR 0.0 10.0 0.0
2LZM-2IFB 0.0 10.0 0.0
2LZM-2IMM 30.769 0.018 13.0
2LZM-2Q98 27.778 0.019 36.0
2LZM-2TRX 0.0 10.0 0.0
2LZM-2WSY 45.455 1.5 11.0
2LZM-2ZTA 0.0 10.0 0.0
2LZM-3BLS 26.667 0.019 45.0
2LZM-3D2A 0.0 10.0 0.0
2LZM-3HHR 26.316 2.6 19.0
2LZM-3MBP 60.0 9.2 5.0
2LZM-3PGK 33.333 1.4 21.0
2LZM-3SSI 0.0 10.0 0.0
2LZM-451C 0.0 10.0 0.0
2LZM-4BLM 0.0 10.0 0.0
2LZM-5AZU 0.0 10.0 0.0
2LZM-5CRO 0.0 10.0 0.0
2RN2-1A23 44.444 4.7 9.0
2RN2-1A43 31.579 0.022 19.0
2RN2-1A5E 0.0 10.0 0.0
2RN2-1AAR 66.667 0.5 6.0
2RN2-1AG2 0.0 10.0 0.0
2RN2-1AJ3 24.528 0.5 53.0
2RN2-1AKK 31.034 0.27 29.0
2RN2-1AM7 33.333 0.093 18.0
2RN2-1ANK 62.5 0.76 8.0
2RN2-1AON 0.0 10.0 0.0
2RN2-1APS 57.143 0.35 7.0
2RN2-1ARR 0.0 10.0 0.0
2RN2-1AV1 31.111 0.75 45.0
2RN2-1AXB 62.5 0.86 8.0
2RN2-1AYF 0.0 10.0 0.0
2RN2-1AZP 50.0 0.25 8.0
2RN2-1B0O 0.0 10.0 0.0
2RN2-1B26 28.571 0.73 28.0
2RN2-1B5M 28.0 0.8 25.0
2RN2-1BLC 0.0 10.0 0.0
2RN2-1BNL 0.0 10.0 0.0
2RN2-1BOY 25.287 0.27 87.0
2RN2-1BP2 20.588 0.28 34.0
2RN2-1BPI 0.0 10.0 0.0
2RN2-1BTA 75.0 5.0 4.0
2RN2-1BVC 46.154 0.23 13.0
2RN2-1C2R 38.889 0.22 18.0
2RN2-1C5G 24.096 0.4 83.0
2RN2-1C9O 0.0 10.0 0.0
2RN2-1CAH 45.455 4.7 11.0
2RN2-1CHK 35.714 2.1 14.0
2RN2-1CLW 27.5 2.3 40.0
2RN2-1CSP 0.0 10.0 0.0
2RN2-1CYC 35.294 0.35 17.0
2RN2-1CYO 19.512 1.0 41.0
2RN2-1DIL 33.333 0.29 15.0
2RN2-1DIV 29.268 0.48 41.0
2RN2-1DKT 40.0 3.8 10.0
2RN2-1DPM 0.0 10.0 0.0
2RN2-1EL1 0.0 10.0 0.0
2RN2-1FEP 25.0 2.2 32.0
2RN2-1FKJ 0.0 10.0 0.0
2RN2-1FLV 25.373 0.14 67.0
2RN2-1FNF 83.333 0.94 6.0
2RN2-1FRD 0.0 10.0 0.0
2RN2-1FTG 25.373 0.14 67.0
2RN2-1FXA 66.667 2.3 6.0
2RN2-1G6N 0.0 10.0 0.0
2RN2-1H7M 0.0 10.0 0.0
2RN2-1HFY 30.769 2.2 13.0
2RN2-1HK0 25.714 0.82 35.0
2RN2-1HME 23.077 4.0 26.0
2RN2-1HNG 50.0 0.59 10.0
2RN2-1HTI 41.667 1.6 12.0
2RN2-1I5T 31.034 0.27 29.0
2RN2-1IDS 31.034 6.2 29.0
2RN2-1IFB 0.0 10.0 0.0
2RN2-1IGV 0.0 10.0 0.0
2RN2-1IMQ 20.548 1.5 73.0
2RN2-1IO2 29.167 4.9 24.0
2RN2-1IR3 20.29 1.4 69.0
2RN2-1IRO 0.0 10.0 0.0
2RN2-1KDX 0.0 10.0 0.0
2RN2-1KFW 37.5 0.63 16.0
2RN2-1LS4 0.0 10.0 0.0
2RN2-1LVE 33.333 1.9 9.0
2RN2-1MBG 21.053 7.2 19.0
2RN2-1MJC 20.0 2.0 25.0
2RN2-1MSI 0.0 10.0 0.0
2RN2-1N0J 0.0 10.0 0.0
2RN2-1OIA 26.316 4.3 19.0
2RN2-1ONC 26.667 1.3 15.0
2RN2-1OTR 66.667 0.49 6.0
2RN2-1PGA 0.0 10.0 0.0
2RN2-1PIN 21.429 0.36 56.0
2RN2-1POH 0.0 10.0 0.0
2RN2-1QGV 31.579 0.37 19.0
2RN2-1QJP 0.0 10.0 0.0
2RN2-1QLP 0.0 10.0 0.0
2RN2-1QQV 0.0 10.0 0.0
2RN2-1RGG 0.0 10.0 0.0
2RN2-1RHG 0.0 10.0 0.0
2RN2-1RIS 0.0 10.0 0.0
2RN2-1ROP 0.0 10.0 0.0
2RN2-1RRO 0.0 10.0 0.0
2RN2-1RTB 0.0 10.0 0.0
2RN2-1RTP 0.0 10.0 0.0
2RN2-1RX4 46.154 0.35 13.0
2RN2-1SAK 0.0 10.0 0.0
2RN2-1SCE 0.0 10.0 0.0
2RN2-1SHF 0.0 10.0 0.0
2RN2-1SHG 0.0 10.0 0.0
2RN2-1SSO 50.0 0.19 8.0
2RN2-1STN 23.529 3.2 17.0
2RN2-1SUP 17.647 0.46 51.0
2RN2-1TEN 0.0 10.0 0.0
2RN2-1THQ 0.0 10.0 0.0
2RN2-1TIT 0.0 10.0 0.0
2RN2-1TPK 0.0 10.0 0.0
2RN2-1TTG 0.0 10.0 0.0
2RN2-1TUP 50.0 0.54 8.0
2RN2-1UBQ 66.667 0.5 6.0
2RN2-1UWO 0.0 10.0 0.0
2RN2-1UZC 23.81 0.17 21.0
2RN2-1W4H 0.0 10.0 0.0
2RN2-1WQ5 0.0 10.0 0.0
2RN2-1YCC 32.143 0.21 28.0
2RN2-1YEA 32.143 0.57 28.0
2RN2-2A36 31.25 5.6 16.0
2RN2-2ABD 0.0 10.0 0.0
2RN2-2ADA 20.69 3.7 29.0
2RN2-2AFG 55.556 1.5 9.0
2RN2-2AKY 50.0 2.2 8.0
2RN2-2BRD 30.0 2.2 20.0
2RN2-2CI2 0.0 10.0 0.0
2RN2-2CRK 38.462 1.7 13.0
2RN2-2HMB 25.926 1.3 27.0
2RN2-2HPR 0.0 10.0 0.0
2RN2-2IFB 0.0 10.0 0.0
2RN2-2IMM 33.333 2.6 9.0
2RN2-2Q98 26.316 0.043 19.0
2RN2-2TRX 0.0 10.0 0.0
2RN2-2WSY 0.0 10.0 0.0
2RN2-2ZTA 0.0 10.0 0.0
2RN2-3BLS 17.647 0.12 51.0
2RN2-3D2A 0.0 10.0 0.0
2RN2-3HHR 0.0 10.0 0.0
2RN2-3MBP 38.889 3.2 18.0
2RN2-3PGK 27.66 0.011 47.0
2RN2-3SSI 80.0 0.58 5.0
2RN2-451C 0.0 10.0 0.0
2RN2-4BLM 71.429 0.32 7.0
2RN2-5AZU 0.0 10.0 0.0
2RN2-5CRO 0.0 10.0 0.0
4LYZ-1A23 29.73 2.3 37.0
4LYZ-1A43 0.0 10.0 0.0
4LYZ-1A5E 50.0 3.4 8.0
4LYZ-1AAR 0.0 10.0 0.0
4LYZ-1AG2 80.0 1.2 5.0
4LYZ-1AJ3 0.0 10.0 0.0
4LYZ-1AKK 0.0 10.0 0.0
4LYZ-1AM7 0.0 10.0 0.0
4LYZ-1ANK 0.0 10.0 0.0
4LYZ-1AON 25.641 0.041 39.0
4LYZ-1APS 24.051 0.18 79.0
4LYZ-1ARR 66.667 0.33 6.0
4LYZ-1AV1 0.0 10.0 0.0
4LYZ-1AXB 33.333 4.4 12.0
4LYZ-1AYF 66.667 2.7 6.0
4LYZ-1AZP 0.0 10.0 0.0
4LYZ-1B0O 0.0 10.0 0.0
4LYZ-1B26 40.0 1.7 5.0
4LYZ-1B5M 28.571 5.2 7.0
4LYZ-1BLC 20.588 4.7 34.0
4LYZ-1BNL 0.0 10.0 0.0
4LYZ-1BOY 40.0 2.0 5.0
4LYZ-1BP2 21.053 0.63 19.0
4LYZ-1BPI 45.455 7.3 11.0
4LYZ-1BTA 29.167 6.7 24.0
4LYZ-1BVC 15.789 0.8 19.0
4LYZ-1C2R 66.667 0.31 9.0
4LYZ-1C5G 26.562 0.44 64.0
4LYZ-1C9O 0.0 10.0 0.0
4LYZ-1CAH 28.571 3.5 14.0
4LYZ-1CHK 40.909 1.2 22.0
4LYZ-1CLW 21.875 0.084 32.0
4LYZ-1CSP 0.0 10.0 0.0
4LYZ-1CYC 40.0 3.2 10.0
4LYZ-1CYO 0.0 10.0 0.0
4LYZ-1DIL 35.294 0.27 17.0
4LYZ-1DIV 0.0 10.0 0.0
4LYZ-1DKT 0.0 10.0 0.0
4LYZ-1DPM 36.364 4.9 11.0
4LYZ-1EL1 53.077 1.7299999999999997e-52 130.0
4LYZ-1FEP 37.5 4.2 16.0
4LYZ-1FKJ 0.0 10.0 0.0
4LYZ-1FLV 50.0 1.6 6.0
4LYZ-1FNF 55.556 1.4 9.0
4LYZ-1FRD 0.0 10.0 0.0
4LYZ-1FTG 50.0 1.6 6.0
4LYZ-1FXA 62.5 0.41 8.0
4LYZ-1G6N 50.0 9.5 6.0
4LYZ-1H7M 27.273 4.6 11.0
4LYZ-1HFY 44.248 9.19e-33 113.0
4LYZ-1HK0 25.0 3.9 12.0
4LYZ-1HME 0.0 10.0 0.0
4LYZ-1HNG 28.571 0.4 28.0
4LYZ-1HTI 0.0 10.0 0.0
4LYZ-1I5T 0.0 10.0 0.0
4LYZ-1IDS 0.0 10.0 0.0
4LYZ-1IFB 0.0 10.0 0.0
4LYZ-1IGV 0.0 10.0 0.0
4LYZ-1IMQ 20.0 0.42 25.0
4LYZ-1IO2 31.034 8.6 29.0
4LYZ-1IR3 30.435 0.5 46.0
4LYZ-1IRO 60.0 0.34 5.0
4LYZ-1KDX 0.0 10.0 0.0
4LYZ-1KFW 31.818 0.42 22.0
4LYZ-1LS4 21.154 3.6 52.0
4LYZ-1LVE 0.0 10.0 0.0
4LYZ-1MBG 0.0 10.0 0.0
4LYZ-1MJC 35.0 2.8 20.0
4LYZ-1MSI 0.0 10.0 0.0
4LYZ-1N0J 29.412 0.016 34.0
4LYZ-1OIA 0.0 10.0 0.0
4LYZ-1ONC 0.0 10.0 0.0
4LYZ-1OTR 60.0 1.9 10.0
4LYZ-1PGA 0.0 10.0 0.0
4LYZ-1PIN 32.0 0.46 25.0
4LYZ-1POH 0.0 10.0 0.0
4LYZ-1QGV 0.0 10.0 0.0
4LYZ-1QJP 23.913 0.18 46.0
4LYZ-1QLP 45.455 8.0 11.0
4LYZ-1QQV 0.0 10.0 0.0
4LYZ-1RGG 38.462 0.18 13.0
4LYZ-1RHG 33.333 1.1 12.0
4LYZ-1RIS 0.0 10.0 0.0
4LYZ-1ROP 0.0 10.0 0.0
4LYZ-1RRO 0.0 10.0 0.0
4LYZ-1RTB 45.455 1.7 11.0
4LYZ-1RTP 0.0 10.0 0.0
4LYZ-1RX4 37.5 9.0 8.0
4LYZ-1SAK 0.0 10.0 0.0
4LYZ-1SCE 26.087 0.94 23.0
4LYZ-1SHF 36.364 0.8 11.0
4LYZ-1SHG 0.0 10.0 0.0
4LYZ-1SSO 0.0 10.0 0.0
4LYZ-1STN 0.0 10.0 0.0
4LYZ-1SUP 33.333 0.05 21.0
4LYZ-1TEN 0.0 10.0 0.0
4LYZ-1THQ 18.75 0.06 32.0
4LYZ-1TIT 41.667 0.49 12.0
4LYZ-1TPK 30.0 6.6 20.0
4LYZ-1TTG 0.0 10.0 0.0
4LYZ-1TUP 30.769 0.48 13.0
4LYZ-1UBQ 0.0 10.0 0.0
4LYZ-1UWO 0.0 10.0 0.0
4LYZ-1UZC 0.0 10.0 0.0
4LYZ-1W4H 0.0 10.0 0.0
4LYZ-1WQ5 0.0 10.0 0.0
4LYZ-1YCC 0.0 10.0 0.0
4LYZ-1YEA 0.0 10.0 0.0
4LYZ-2A36 0.0 10.0 0.0
4LYZ-2ABD 37.037 0.007 27.0
4LYZ-2ADA 0.0 10.0 0.0
4LYZ-2AFG 25.926 0.51 27.0
4LYZ-2AKY 0.0 10.0 0.0
4LYZ-2BRD 0.0 10.0 0.0
4LYZ-2CI2 0.0 10.0 0.0
4LYZ-2CRK 22.857 0.43 35.0
4LYZ-2HMB 0.0 10.0 0.0
4LYZ-2HPR 0.0 10.0 0.0
4LYZ-2IFB 0.0 10.0 0.0
4LYZ-2IMM 0.0 10.0 0.0
4LYZ-2Q98 0.0 10.0 0.0
4LYZ-2TRX 20.0 0.023 70.0
4LYZ-2WSY 0.0 10.0 0.0
4LYZ-2ZTA 0.0 10.0 0.0
4LYZ-3BLS 0.0 10.0 0.0
4LYZ-3D2A 24.138 0.72 29.0
4LYZ-3HHR 0.0 10.0 0.0
4LYZ-3MBP 29.412 0.28 34.0
4LYZ-3PGK 26.667 3.2 15.0
4LYZ-3SSI 21.739 6.8 23.0
4LYZ-451C 0.0 10.0 0.0
4LYZ-4BLM 55.556 1.4 9.0
4LYZ-5AZU 60.0 2.4 5.0
4LYZ-5CRO 0.0 10.0 0.0
5PTI-1A23 0.0 10.0 0.0
5PTI-1A43 100.0 5.0 2.0
5PTI-1A5E 0.0 10.0 0.0
5PTI-1AAR 50.0 4.3 4.0
5PTI-1AG2 38.462 0.33 13.0
5PTI-1AJ3 0.0 10.0 0.0
5PTI-1AKK 28.0 1.2 25.0
5PTI-1AM7 0.0 10.0 0.0
5PTI-1ANK 0.0 10.0 0.0
5PTI-1AON 0.0 10.0 0.0
5PTI-1APS 26.087 9.9 23.0
5PTI-1ARR 0.0 10.0 0.0
5PTI-1AV1 0.0 10.0 0.0
5PTI-1AXB 0.0 10.0 0.0
5PTI-1AYF 0.0 10.0 0.0
5PTI-1AZP 0.0 10.0 0.0
5PTI-1B0O 0.0 10.0 0.0
5PTI-1B26 0.0 10.0 0.0
5PTI-1B5M 0.0 10.0 0.0
5PTI-1BLC 29.412 0.56 17.0
5PTI-1BNL 0.0 10.0 0.0
5PTI-1BOY 0.0 10.0 0.0
5PTI-1BP2 38.462 6.2 13.0
5PTI-1BPI 100.0 5.25e-44 58.0
5PTI-1BTA 0.0 10.0 0.0
5PTI-1BVC 0.0 10.0 0.0
5PTI-1C2R 42.857 2.0 14.0
5PTI-1C5G 0.0 10.0 0.0
5PTI-1C9O 0.0 10.0 0.0
5PTI-1CAH 0.0 10.0 0.0
5PTI-1CHK 0.0 10.0 0.0
5PTI-1CLW 41.667 0.15 12.0
5PTI-1CSP 0.0 10.0 0.0
5PTI-1CYC 0.0 10.0 0.0
5PTI-1CYO 0.0 10.0 0.0
5PTI-1DIL 0.0 10.0 0.0
5PTI-1DIV 0.0 10.0 0.0
5PTI-1DKT 0.0 10.0 0.0
5PTI-1DPM 0.0 10.0 0.0
5PTI-1EL1 0.0 10.0 0.0
5PTI-1FEP 41.667 0.51 12.0
5PTI-1FKJ 0.0 10.0 0.0
5PTI-1FLV 0.0 10.0 0.0
5PTI-1FNF 28.571 3.9 14.0
5PTI-1FRD 0.0 10.0 0.0
5PTI-1FTG 0.0 10.0 0.0
5PTI-1FXA 25.926 0.46 27.0
5PTI-1G6N 0.0 10.0 0.0
5PTI-1H7M 26.316 0.35 19.0
5PTI-1HFY 0.0 10.0 0.0
5PTI-1HK0 25.455 0.26 55.0
5PTI-1HME 0.0 10.0 0.0
5PTI-1HNG 0.0 10.0 0.0
5PTI-1HTI 0.0 10.0 0.0
5PTI-1I5T 28.0 1.2 25.0
5PTI-1IDS 0.0 10.0 0.0
5PTI-1IFB 57.143 0.000287 14.0
5PTI-1IGV 0.0 10.0 0.0
5PTI-1IMQ 0.0 10.0 0.0
5PTI-1IO2 0.0 10.0 0.0
5PTI-1IR3 26.667 0.1 15.0
5PTI-1IRO 0.0 10.0 0.0
5PTI-1KDX 0.0 10.0 0.0
5PTI-1KFW 0.0 10.0 0.0
5PTI-1LS4 0.0 10.0 0.0
5PTI-1LVE 0.0 10.0 0.0
5PTI-1MBG 36.364 0.12 11.0
5PTI-1MJC 0.0 10.0 0.0
5PTI-1MSI 0.0 10.0 0.0
5PTI-1N0J 0.0 10.0 0.0
5PTI-1OIA 0.0 10.0 0.0
5PTI-1ONC 0.0 10.0 0.0
5PTI-1OTR 50.0 4.2 4.0
5PTI-1PGA 0.0 10.0 0.0
5PTI-1PIN 0.0 10.0 0.0
5PTI-1POH 0.0 10.0 0.0
5PTI-1QGV 19.231 0.19 52.0
5PTI-1QJP 0.0 10.0 0.0
5PTI-1QLP 0.0 10.0 0.0
5PTI-1QQV 37.5 2.9 16.0
5PTI-1RGG 21.429 7.1 14.0
5PTI-1RHG 0.0 10.0 0.0
5PTI-1RIS 0.0 10.0 0.0
5PTI-1ROP 0.0 10.0 0.0
5PTI-1RRO 0.0 10.0 0.0
5PTI-1RTB 0.0 10.0 0.0
5PTI-1RTP 0.0 10.0 0.0
5PTI-1RX4 0.0 10.0 0.0
5PTI-1SAK 0.0 10.0 0.0
5PTI-1SCE 0.0 10.0 0.0
5PTI-1SHF 0.0 10.0 0.0
5PTI-1SHG 0.0 10.0 0.0
5PTI-1SSO 0.0 10.0 0.0
5PTI-1STN 18.519 2.3 27.0
5PTI-1SUP 0.0 10.0 0.0
5PTI-1TEN 0.0 10.0 0.0
5PTI-1THQ 0.0 10.0 0.0
5PTI-1TIT 26.087 0.063 23.0
5PTI-1TPK 0.0 10.0 0.0
5PTI-1TTG 0.0 10.0 0.0
5PTI-1TUP 32.258 0.65 31.0
5PTI-1UBQ 50.0 4.3 4.0
5PTI-1UWO 0.0 10.0 0.0
5PTI-1UZC 38.462 0.093 13.0
5PTI-1W4H 0.0 10.0 0.0
5PTI-1WQ5 0.0 10.0 0.0
5PTI-1YCC 22.222 0.89 27.0
5PTI-1YEA 0.0 10.0 0.0
5PTI-2A36 0.0 10.0 0.0
5PTI-2ABD 0.0 10.0 0.0
5PTI-2ADA 75.0 7.1 4.0
5PTI-2AFG 0.0 10.0 0.0
5PTI-2AKY 0.0 10.0 0.0
5PTI-2BRD 0.0 10.0 0.0
5PTI-2CI2 0.0 10.0 0.0
5PTI-2CRK 0.0 10.0 0.0
5PTI-2HMB 0.0 10.0 0.0
5PTI-2HPR 0.0 10.0 0.0
5PTI-2IFB 57.143 0.000287 14.0
5PTI-2IMM 50.0 7.5 4.0
5PTI-2Q98 57.143 0.65 7.0
5PTI-2TRX 53.846 0.11 13.0
5PTI-2WSY 0.0 10.0 0.0
5PTI-2ZTA 0.0 10.0 0.0
5PTI-3BLS 0.0 10.0 0.0
5PTI-3D2A 27.778 0.35 18.0
5PTI-3HHR 0.0 10.0 0.0
5PTI-3MBP 0.0 10.0 0.0
5PTI-3PGK 80.0 5.7 5.0
5PTI-3SSI 0.0 10.0 0.0
5PTI-451C 0.0 10.0 0.0
5PTI-4BLM 0.0 10.0 0.0
5PTI-5AZU 0.0 10.0 0.0
5PTI-5CRO 0.0 10.0 0.0
1AMQ-1ZNJA 0.0 10.0 0.0
1AMQ-1ZNJB 0.0 10.0 0.0
1BNI-1ZNJA 0.0 10.0 0.0
1BNI-1ZNJB 0.0 10.0 0.0
1CEY-1ZNJA 0.0 10.0 0.0
1CEY-1ZNJB 0.0 10.0 0.0
1EY0-1ZNJA 0.0 10.0 0.0
1EY0-1ZNJB 0.0 10.0 0.0
1IHB-1ZNJA 0.0 10.0 0.0
1IHB-1ZNJB 44.444 3.3 9.0
1IOB-1ZNJA 0.0 10.0 0.0
1IOB-1ZNJB 0.0 10.0 0.0
1L63-1ZNJA 0.0 10.0 0.0
1L63-1ZNJB 0.0 10.0 0.0
1LZ1-1ZNJA 0.0 10.0 0.0
1LZ1-1ZNJB 0.0 10.0 0.0
1OH0-1ZNJA 0.0 10.0 0.0
1OH0-1ZNJB 0.0 10.0 0.0
1RN1-1ZNJA 0.0 10.0 0.0
1RN1-1ZNJB 0.0 10.0 0.0
1VQB-1ZNJA 0.0 10.0 0.0
1VQB-1ZNJB 0.0 10.0 0.0
2LZM-1ZNJA 0.0 10.0 0.0
2LZM-1ZNJB 0.0 10.0 0.0
2RN2-1ZNJA 0.0 10.0 0.0
2RN2-1ZNJB 0.0 10.0 0.0
4LYZ-1ZNJA 0.0 10.0 0.0
4LYZ-1ZNJB 0.0 10.0 0.0
5PTI-1ZNJA 0.0 10.0 0.0
5PTI-1ZNJB 0.0 10.0 0.0
