code identity evalue length
1AMQ-1A0F 33.333 0.074 18
1AMQ-1A7V 32.558 1.1 43
1AMQ-1BA3 38.710 0.68 31
1AMQ-1BFM 30.769 0.91 26
1AMQ-1BNL 66.667 0.60 9
1AMQ-1D5G 31.579 1.9 19
1AMQ-1DIV 33.333 7.8 21
1AMQ-1DXX 0.0 10.0 0.0
1AMQ-1EKG 28.947 0.002 38
1AMQ-1F8I 54.545 2.1 11
1AMQ-1FH5 42.857 0.60 14
1AMQ-1FRD 0.0 10.0 0.0
1AMQ-1FT8 25.806 2.3 31
1AMQ-1FXA 28.814 0.032 59
1AMQ-1G3P 42.105 0.027 19
1AMQ-1GLU 57.143 6.0 7
1AMQ-1GUA 26.471 1.3 34
1AMQ-1GWY 24.000 0.12 50
1AMQ-1H0X 0.0 10.0 0.0
1AMQ-1HCQ 66.667 1.8 6
1AMQ-1IOJ 0.0 10.0 0.0
1AMQ-1IR3 50.000 0.14 12
1AMQ-1ITM 25.424 0.15 59
1AMQ-1IV7 26.667 1.7 15
1AMQ-1IV9 26.667 1.7 15
1AMQ-1J8I 0.0 10.0 0.0
1AMQ-1JL9 0.0 10.0 0.0
1AMQ-1JLV 55.556 2.9 9
1AMQ-1L6H 0.0 10.0 0.0
1AMQ-1LVM 0.0 10.0 0.0
1AMQ-1N18 0.0 10.0 0.0
1AMQ-1N88 40.000 9.7 10
1AMQ-1NM1 30.000 0.50 30
1AMQ-1O1U 0.0 10.0 0.0
1AMQ-1O6X 0.0 10.0 0.0
1AMQ-1OSI 0.0 10.0 0.0
1AMQ-1PFL 32.000 7.5 25
1AMQ-1PRE 38.462 3.1 26
1AMQ-1PRG 40.000 2.7 15
1AMQ-1R2Y 54.545 0.86 11
1AMQ-1R6R 60.000 4.4 10
1AMQ-1SPD 0.0 10.0 0.0
1AMQ-1X0J 29.412 0.33 17
1AMQ-1XWS 0.0 10.0 0.0
1AMQ-1XXN 38.462 0.24 13
1AMQ-1XZO 0.0 10.0 0.0
1AMQ-2ARF 0.0 10.0 0.0
1AMQ-2BJD 33.333 0.010 39
1AMQ-2C9Q 0.0 10.0 0.0
1AMQ-2CLR 25.000 3.6 60
1AMQ-2DVV 27.778 0.19 36
1AMQ-2H3F 0.0 10.0 0.0
1AMQ-2HBB 0.0 10.0 0.0
1AMQ-2JIE 27.778 3.1 18
1AMQ-2JUC 0.0 10.0 0.0
1AMQ-2KJ3 33.333 0.14 24
1AMQ-2KS4 22.000 0.37 50
1AMQ-2LTB 27.907 0.88 43
1AMQ-2M5S 0.0 10.0 0.0
1AMQ-2MPC 0.0 10.0 0.0
1AMQ-2N7Z 0.0 10.0 0.0
1AMQ-2NTE 0.0 10.0 0.0
1AMQ-2OUO 27.778 0.31 36
1AMQ-2PR5 0.0 10.0 0.0
1AMQ-2PTL 62.500 1.1 8
1AMQ-2RPN 60.000 9.2 5
1AMQ-2VY0 27.273 2.4 22
1AMQ-2WQG 0.0 10.0 0.0
1AMQ-2ZTA 0.0 10.0 0.0
1AMQ-3BCI 50.000 2.4 8
1AMQ-3BN0 19.780 3.2 91
1AMQ-3C2I 36.364 2.2 11
1AMQ-3D2A 0.0 10.0 0.0
1AMQ-3D3B 0.0 10.0 0.0
1AMQ-3DV0 38.462 1.4 13
1AMQ-3ECU 0.0 10.0 0.0
1AMQ-3FIS 38.889 9.3 18
1AMQ-3G1G 0.0 10.0 0.0
1AMQ-3K82 28.302 0.60 53
1AMQ-3L15 29.545 4.0 44
1AMQ-3MON 26.667 0.70 15
1AMQ-3O39 30.769 1.6 26
1AMQ-3S4M 28.947 0.002 38
1AMQ-3S92 37.500 0.37 16
1AMQ-4BJX 25.000 0.24 28
1AMQ-4BUQ 31.579 4.2 38
1AMQ-4HE7 0.0 10.0 0.0
1AMQ-4N6V 29.412 0.28 34
1AMQ-4WAA 41.667 0.71 12
1AMQ-4YEE 62.500 0.098 8
1AMQ-4YEF 50.000 2.5 6
1AMQ-5JXB 30.769 0.022 65
1AMQ-5OAQ 50.000 0.25 8
1AMQ-5VP3 36.111 4.9 36
1BNI-1A0F 27.778 4.1 18
1BNI-1A7V 75.000 4.3 4
1BNI-1BA3 0.0 10.0 0.0
1BNI-1BFM 0.0 10.0 0.0
1BNI-1BNL 0.0 10.0 0.0
1BNI-1D5G 41.667 9.1 12
1BNI-1DIV 42.857 2.4 7
1BNI-1DXX 24.000 1.9 50
1BNI-1EKG 28.000 3.0 25
1BNI-1F8I 20.000 5.0 15
1BNI-1FH5 0.0 10.0 0.0
1BNI-1FRD 0.0 10.0 0.0
1BNI-1FT8 0.0 10.0 0.0
1BNI-1FXA 0.0 10.0 0.0
1BNI-1G3P 50.000 3.2 8
1BNI-1GLU 41.667 0.55 12
1BNI-1GUA 0.0 10.0 0.0
1BNI-1GWY 37.500 0.12 24
1BNI-1H0X 0.0 10.0 0.0
1BNI-1HCQ 57.143 0.56 7
1BNI-1IOJ 18.605 2.7 43
1BNI-1IR3 0.0 10.0 0.0
1BNI-1ITM 0.0 10.0 0.0
1BNI-1IV7 33.333 4.9 15
1BNI-1IV9 33.333 4.9 15
1BNI-1J8I 0.0 10.0 0.0
1BNI-1JL9 31.579 0.029 19
1BNI-1JLV 0.0 10.0 0.0
1BNI-1L6H 0.0 10.0 0.0
1BNI-1LVM 26.316 1.2 19
1BNI-1N18 14.286 9.2 7
1BNI-1N88 0.0 10.0 0.0
1BNI-1NM1 40.000 0.91 10
1BNI-1O1U 0.0 10.0 0.0
1BNI-1O6X 0.0 10.0 0.0
1BNI-1OSI 50.000 6.0 6
1BNI-1PFL 28.000 2.7 25
1BNI-1PRE 45.455 1.3 11
1BNI-1PRG 50.000 4.2 6
1BNI-1R2Y 0.0 10.0 0.0
1BNI-1R6R 0.0 10.0 0.0
1BNI-1SPD 14.286 9.2 7
1BNI-1X0J 0.0 10.0 0.0
1BNI-1XWS 41.176 0.39 17
1BNI-1XXN 28.571 5.4 7
1BNI-1XZO 34.483 0.090 29
1BNI-2ARF 52.941 0.050 17
1BNI-2BJD 0.0 10.0 0.0
1BNI-2C9Q 0.0 10.0 0.0
1BNI-2CLR 66.667 0.066 9
1BNI-2DVV 45.455 0.052 11
1BNI-2H3F 28.571 4.9 14
1BNI-2HBB 0.0 10.0 0.0
1BNI-2JIE 77.778 0.008 9
1BNI-2JUC 100.000 5.5 2
1BNI-2KJ3 33.333 0.33 18
1BNI-2KS4 37.500 0.14 24
1BNI-2LTB 0.0 10.0 0.0
1BNI-2M5S 25.000 0.13 16
1BNI-2MPC 0.0 10.0 0.0
1BNI-2N7Z 0.0 10.0 0.0
1BNI-2NTE 0.0 10.0 0.0
1BNI-2OUO 45.455 0.037 11
1BNI-2PR5 29.412 5.7 17
1BNI-2PTL 80.000 2.0 5
1BNI-2RPN 42.857 0.31 7
1BNI-2VY0 0.0 10.0 0.0
1BNI-2WQG 45.000 2.1 20
1BNI-2ZTA 0.0 10.0 0.0
1BNI-3BCI 0.0 10.0 0.0
1BNI-3BN0 25.714 6.1 35
1BNI-3C2I 0.0 10.0 0.0
1BNI-3D2A 0.0 10.0 0.0
1BNI-3D3B 0.0 10.0 0.0
1BNI-3DV0 55.556 0.028 9
1BNI-3ECU 14.286 9.2 7
1BNI-3FIS 0.0 10.0 0.0
1BNI-3G1G 40.000 0.24 20
1BNI-3K82 0.0 10.0 0.0
1BNI-3L15 0.0 10.0 0.0
1BNI-3MON 0.0 10.0 0.0
1BNI-3O39 0.0 10.0 0.0
1BNI-3S4M 28.000 2.9 25
1BNI-3S92 45.455 0.039 11
1BNI-4BJX 80.000 1.9 5
1BNI-4BUQ 0.0 10.0 0.0
1BNI-4HE7 0.0 10.0 0.0
1BNI-4N6V 0.0 10.0 0.0
1BNI-4WAA 0.0 10.0 0.0
1BNI-4YEE 44.444 0.89 9
1BNI-4YEF 57.143 2.6 7
1BNI-5JXB 30.769 5.5 13
1BNI-5OAQ 0.0 10.0 0.0
1BNI-5VP3 27.660 0.49 47
1CEY-1A0F 0.0 10.0 0.0
1CEY-1A7V 0.0 10.0 0.0
1CEY-1BA3 66.667 5.5 6
1CEY-1BFM 0.0 10.0 0.0
1CEY-1BNL 55.556 2.0 9
1CEY-1D5G 0.0 10.0 0.0
1CEY-1DIV 0.0 10.0 0.0
1CEY-1DXX 0.0 10.0 0.0
1CEY-1EKG 50.000 2.2 8
1CEY-1F8I 45.455 4.3 11
1CEY-1FH5 0.0 10.0 0.0
1CEY-1FRD 0.0 10.0 0.0
1CEY-1FT8 0.0 10.0 0.0
1CEY-1FXA 38.462 3.7 13
1CEY-1G3P 0.0 10.0 0.0
1CEY-1GLU 0.0 10.0 0.0
1CEY-1GUA 0.0 10.0 0.0
1CEY-1GWY 27.473 3.1 91
1CEY-1H0X 21.053 3.0 19
1CEY-1HCQ 0.0 10.0 0.0
1CEY-1IOJ 0.0 10.0 0.0
1CEY-1IR3 0.0 10.0 0.0
1CEY-1ITM 34.615 0.28 26
1CEY-1IV7 27.273 0.44 22
1CEY-1IV9 27.273 0.44 22
1CEY-1J8I 0.0 10.0 0.0
1CEY-1JL9 0.0 10.0 0.0
1CEY-1JLV 50.000 4.2 10
1CEY-1L6H 0.0 10.0 0.0
1CEY-1LVM 0.0 10.0 0.0
1CEY-1N18 0.0 10.0 0.0
1CEY-1N88 0.0 10.0 0.0
1CEY-1NM1 41.176 1.4 17
1CEY-1O1U 0.0 10.0 0.0
1CEY-1O6X 0.0 10.0 0.0
1CEY-1OSI 25.000 9.5 20
1CEY-1PFL 0.0 10.0 0.0
1CEY-1PRE 70.000 0.094 10
1CEY-1PRG 71.429 0.42 7
1CEY-1R2Y 0.0 10.0 0.0
1CEY-1R6R 0.0 10.0 0.0
1CEY-1SPD 0.0 10.0 0.0
1CEY-1X0J 50.000 0.45 8
1CEY-1XWS 66.667 0.13 9
1CEY-1XXN 30.769 0.24 13
1CEY-1XZO 0.0 10.0 0.0
1CEY-2ARF 0.0 10.0 0.0
1CEY-2BJD 28.571 8.8 7
1CEY-2C9Q 0.0 10.0 0.0
1CEY-2CLR 0.0 10.0 0.0
1CEY-2DVV 0.0 10.0 0.0
1CEY-2H3F 45.455 9.0 11
1CEY-2HBB 0.0 10.0 0.0
1CEY-2JIE 36.364 0.032 22
1CEY-2JUC 0.0 10.0 0.0
1CEY-2KJ3 0.0 10.0 0.0
1CEY-2KS4 30.769 0.078 26
1CEY-2LTB 0.0 10.0 0.0
1CEY-2M5S 23.810 4.0 21
1CEY-2MPC 50.000 0.25 14
1CEY-2N7Z 0.0 10.0 0.0
1CEY-2NTE 0.0 10.0 0.0
1CEY-2OUO 0.0 10.0 0.0
1CEY-2PR5 45.455 0.068 11
1CEY-2PTL 27.778 4.1 18
1CEY-2RPN 0.0 10.0 0.0
1CEY-2VY0 0.0 10.0 0.0
1CEY-2WQG 0.0 10.0 0.0
1CEY-2ZTA 0.0 10.0 0.0
1CEY-3BCI 26.087 7.6 23
1CEY-3BN0 0.0 10.0 0.0
1CEY-3C2I 0.0 10.0 0.0
1CEY-3D2A 0.0 10.0 0.0
1CEY-3D3B 41.667 0.15 12
1CEY-3DV0 0.0 10.0 0.0
1CEY-3ECU 0.0 10.0 0.0
1CEY-3FIS 0.0 10.0 0.0
1CEY-3G1G 0.0 10.0 0.0
1CEY-3K82 41.667 0.48 24
1CEY-3L15 62.500 1.6 8
1CEY-3MON 33.333 0.27 12
1CEY-3O39 0.0 10.0 0.0
1CEY-3S4M 50.000 2.2 8
1CEY-3S92 0.0 10.0 0.0
1CEY-4BJX 50.000 0.20 8
1CEY-4BUQ 0.0 10.0 0.0
1CEY-4HE7 44.444 0.10 9
1CEY-4N6V 0.0 10.0 0.0
1CEY-4WAA 0.0 10.0 0.0
1CEY-4YEE 29.412 8.0 17
1CEY-4YEF 66.667 9.7 3
1CEY-5JXB 48.148 0.17 27
1CEY-5OAQ 0.0 10.0 0.0
1CEY-5VP3 0.0 10.0 0.0
1EY0-1A0F 38.889 2.0 18
1EY0-1A7V 20.755 9.8 53
1EY0-1BA3 0.0 10.0 0.0
1EY0-1BFM 0.0 10.0 0.0
1EY0-1BNL 0.0 10.0 0.0
1EY0-1D5G 55.556 1.1 9
1EY0-1DIV 41.860 0.032 43
1EY0-1DXX 27.273 0.95 44
1EY0-1EKG 0.0 10.0 0.0
1EY0-1F8I 60.000 0.64 10
1EY0-1FH5 0.0 10.0 0.0
1EY0-1FRD 66.667 0.49 6
1EY0-1FT8 0.0 10.0 0.0
1EY0-1FXA 0.0 10.0 0.0
1EY0-1G3P 0.0 10.0 0.0
1EY0-1GLU 26.531 1.5 49
1EY0-1GUA 0.0 10.0 0.0
1EY0-1GWY 22.727 4.1 44
1EY0-1H0X 0.0 10.0 0.0
1EY0-1HCQ 0.0 10.0 0.0
1EY0-1IOJ 0.0 10.0 0.0
1EY0-1IR3 0.0 10.0 0.0
1EY0-1ITM 21.875 1.1 32
1EY0-1IV7 0.0 10.0 0.0
1EY0-1IV9 0.0 10.0 0.0
1EY0-1J8I 0.0 10.0 0.0
1EY0-1JL9 38.462 0.43 13
1EY0-1JLV 0.0 10.0 0.0
1EY0-1L6H 35.714 5.0 14
1EY0-1LVM 27.711 0.036 83
1EY0-1N18 29.412 1.6 17
1EY0-1N88 0.0 10.0 0.0
1EY0-1NM1 31.250 0.50 16
1EY0-1O1U 0.0 10.0 0.0
1EY0-1O6X 25.806 0.51 31
1EY0-1OSI 27.273 6.2 33
1EY0-1PFL 42.857 9.2 7
1EY0-1PRE 0.0 10.0 0.0
1EY0-1PRG 22.222 1.2 18
1EY0-1R2Y 26.829 7.7 41
1EY0-1R6R 50.000 7.4 6
1EY0-1SPD 29.412 1.6 17
1EY0-1X0J 0.0 10.0 0.0
1EY0-1XWS 0.0 10.0 0.0
1EY0-1XXN 0.0 10.0 0.0
1EY0-1XZO 25.000 0.42 20
1EY0-2ARF 32.258 2.9 31
1EY0-2BJD 0.0 10.0 0.0
1EY0-2C9Q 24.390 8.2 41
1EY0-2CLR 50.000 1.3 14
1EY0-2DVV 33.333 3.3 18
1EY0-2H3F 0.0 10.0 0.0
1EY0-2HBB 47.059 0.22 17
1EY0-2JIE 0.0 10.0 0.0
1EY0-2JUC 0.0 10.0 0.0
1EY0-2KJ3 0.0 10.0 0.0
1EY0-2KS4 0.0 10.0 0.0
1EY0-2LTB 0.0 10.0 0.0
1EY0-2M5S 26.923 4.7 26
1EY0-2MPC 0.0 10.0 0.0
1EY0-2N7Z 0.0 10.0 0.0
1EY0-2NTE 0.0 10.0 0.0
1EY0-2OUO 27.778 2.8 18
1EY0-2PR5 57.143 0.79 7
1EY0-2PTL 44.444 1.0 18
1EY0-2RPN 58.333 0.008 12
1EY0-2VY0 41.176 0.29 17
1EY0-2WQG 0.0 10.0 0.0
1EY0-2ZTA 0.0 10.0 0.0
1EY0-3BCI 0.0 10.0 0.0
1EY0-3BN0 0.0 10.0 0.0
1EY0-3C2I 26.087 4.9 23
1EY0-3D2A 0.0 10.0 0.0
1EY0-3D3B 0.0 10.0 0.0
1EY0-3DV0 0.0 10.0 0.0
1EY0-3ECU 29.412 1.6 17
1EY0-3FIS 0.0 10.0 0.0
1EY0-3G1G 71.429 0.16 7
1EY0-3K82 100.000 2.7 3
1EY0-3L15 21.053 8.2 38
1EY0-3MON 0.0 10.0 0.0
1EY0-3O39 0.0 10.0 0.0
1EY0-3S4M 0.0 10.0 0.0
1EY0-3S92 31.579 3.1 19
1EY0-4BJX 62.500 0.23 8
1EY0-4BUQ 0.0 10.0 0.0
1EY0-4HE7 0.0 10.0 0.0
1EY0-4N6V 30.000 3.9 10
1EY0-4WAA 0.0 10.0 0.0
1EY0-4YEE 0.0 10.0 0.0
1EY0-4YEF 0.0 10.0 0.0
1EY0-5JXB 100.000 3.5 3
1EY0-5OAQ 0.0 10.0 0.0
1EY0-5VP3 33.333 3.2 15
1IHB-1A0F 0.0 10.0 0.0
1IHB-1A7V 0.0 10.0 0.0
1IHB-1BA3 33.333 3.8 18
1IHB-1BFM 46.154 0.36 13
1IHB-1BNL 0.0 10.0 0.0
1IHB-1D5G 33.333 8.7 9
1IHB-1DIV 33.333 5.1 39
1IHB-1DXX 35.714 0.58 28
1IHB-1EKG 0.0 10.0 0.0
1IHB-1F8I 0.0 10.0 0.0
1IHB-1FH5 0.0 10.0 0.0
1IHB-1FRD 26.923 2.9 26
1IHB-1FT8 36.842 2.1 19
1IHB-1FXA 0.0 10.0 0.0
1IHB-1G3P 33.333 1.1 27
1IHB-1GLU 0.0 10.0 0.0
1IHB-1GUA 0.0 10.0 0.0
1IHB-1GWY 42.857 6.3 14
1IHB-1H0X 0.0 10.0 0.0
1IHB-1HCQ 16.667 2.5 18
1IHB-1IOJ 0.0 10.0 0.0
1IHB-1IR3 30.000 1.2 20
1IHB-1ITM 50.000 1.5 8
1IHB-1IV7 50.000 4.9 10
1IHB-1IV9 50.000 4.9 10
1IHB-1J8I 0.0 10.0 0.0
1IHB-1JL9 0.0 10.0 0.0
1IHB-1JLV 0.0 10.0 0.0
1IHB-1L6H 0.0 10.0 0.0
1IHB-1LVM 0.0 10.0 0.0
1IHB-1N18 75.000 0.11 8
1IHB-1N88 40.000 3.6 10
1IHB-1NM1 0.0 10.0 0.0
1IHB-1O1U 0.0 10.0 0.0
1IHB-1O6X 30.435 0.27 23
1IHB-1OSI 0.0 10.0 0.0
1IHB-1PFL 26.190 2.0 42
1IHB-1PRE 50.000 0.42 10
1IHB-1PRG 33.333 0.33 15
1IHB-1R2Y 22.222 0.51 36
1IHB-1R6R 0.0 10.0 0.0
1IHB-1SPD 75.000 0.11 8
1IHB-1X0J 0.0 10.0 0.0
1IHB-1XWS 50.000 6.2 10
1IHB-1XXN 19.643 2.2 56
1IHB-1XZO 0.0 10.0 0.0
1IHB-2ARF 45.455 0.76 11
1IHB-2BJD 0.0 10.0 0.0
1IHB-2C9Q 0.0 10.0 0.0
1IHB-2CLR 0.0 10.0 0.0
1IHB-2DVV 0.0 10.0 0.0
1IHB-2H3F 0.0 10.0 0.0
1IHB-2HBB 0.0 10.0 0.0
1IHB-2JIE 41.667 0.036 24
1IHB-2JUC 0.0 10.0 0.0
1IHB-2KJ3 25.641 0.67 39
1IHB-2KS4 0.0 10.0 0.0
1IHB-2LTB 0.0 10.0 0.0
1IHB-2M5S 0.0 10.0 0.0
1IHB-2MPC 25.926 0.26 27
1IHB-2N7Z 0.0 10.0 0.0
1IHB-2NTE 0.0 10.0 0.0
1IHB-2OUO 0.0 10.0 0.0
1IHB-2PR5 36.364 6.7 11
1IHB-2PTL 0.0 10.0 0.0
1IHB-2RPN 36.000 0.55 25
1IHB-2VY0 0.0 10.0 0.0
1IHB-2WQG 0.0 10.0 0.0
1IHB-2ZTA 0.0 10.0 0.0
1IHB-3BCI 0.0 10.0 0.0
1IHB-3BN0 0.0 10.0 0.0
1IHB-3C2I 0.0 10.0 0.0
1IHB-3D2A 0.0 10.0 0.0
1IHB-3D3B 0.0 10.0 0.0
1IHB-3DV0 0.0 10.0 0.0
1IHB-3ECU 75.000 0.11 8
1IHB-3FIS 0.0 10.0 0.0
1IHB-3G1G 0.0 10.0 0.0
1IHB-3K82 20.588 0.30 34
1IHB-3L15 0.0 10.0 0.0
1IHB-3MON 50.000 1.5 10
1IHB-3O39 0.0 10.0 0.0
1IHB-3S4M 0.0 10.0 0.0
1IHB-3S92 22.727 6.9 22
1IHB-4BJX 38.889 0.23 18
1IHB-4BUQ 0.0 10.0 0.0
1IHB-4HE7 57.143 3.9 7
1IHB-4N6V 0.0 10.0 0.0
1IHB-4WAA 66.667 1.6 6
1IHB-4YEE 0.0 10.0 0.0
1IHB-4YEF 0.0 10.0 0.0
1IHB-5JXB 0.0 10.0 0.0
1IHB-5OAQ 0.0 10.0 0.0
1IHB-5VP3 25.641 1.8 39
1IOB-1A0F 0.0 10.0 0.0
1IOB-1A7V 25.806 0.32 31
1IOB-1BA3 25.714 5.3 35
1IOB-1BFM 0.0 10.0 0.0
1IOB-1BNL 38.889 2.9 18
1IOB-1D5G 0.0 10.0 0.0
1IOB-1DIV 33.333 9.9 24
1IOB-1DXX 0.0 10.0 0.0
1IOB-1EKG 0.0 10.0 0.0
1IOB-1F8I 0.0 10.0 0.0
1IOB-1FH5 0.0 10.0 0.0
1IOB-1FRD 50.000 3.0 8
1IOB-1FT8 35.294 1.6 17
1IOB-1FXA 66.667 0.76 6
1IOB-1G3P 18.750 3.5 32
1IOB-1GLU 0.0 10.0 0.0
1IOB-1GUA 0.0 10.0 0.0
1IOB-1GWY 23.333 4.5 30
1IOB-1H0X 50.000 0.20 12
1IOB-1HCQ 50.000 6.2 8
1IOB-1IOJ 0.0 10.0 0.0
1IOB-1IR3 44.444 3.8 9
1IOB-1ITM 0.0 10.0 0.0
1IOB-1IV7 0.0 10.0 0.0
1IOB-1IV9 0.0 10.0 0.0
1IOB-1J8I 57.143 1.5 7
1IOB-1JL9 0.0 10.0 0.0
1IOB-1JLV 32.258 5.0 31
1IOB-1L6H 0.0 10.0 0.0
1IOB-1LVM 0.0 10.0 0.0
1IOB-1N18 62.500 0.50 8
1IOB-1N88 0.0 10.0 0.0
1IOB-1NM1 35.714 0.028 14
1IOB-1O1U 25.000 0.33 68
1IOB-1O6X 0.0 10.0 0.0
1IOB-1OSI 0.0 10.0 0.0
1IOB-1PFL 0.0 10.0 0.0
1IOB-1PRE 0.0 10.0 0.0
1IOB-1PRG 0.0 10.0 0.0
1IOB-1R2Y 40.000 1.3 10
1IOB-1R6R 44.444 0.28 9
1IOB-1SPD 75.000 0.032 8
1IOB-1X0J 30.769 3.6 13
1IOB-1XWS 36.364 0.072 22
1IOB-1XXN 23.810 1.2 21
1IOB-1XZO 50.000 0.079 14
1IOB-2ARF 100.000 4.6 3
1IOB-2BJD 0.0 10.0 0.0
1IOB-2C9Q 0.0 10.0 0.0
1IOB-2CLR 27.907 0.76 43
1IOB-2DVV 0.0 10.0 0.0
1IOB-2H3F 0.0 10.0 0.0
1IOB-2HBB 38.462 7.3 13
1IOB-2JIE 20.000 6.3 25
1IOB-2JUC 0.0 10.0 0.0
1IOB-2KJ3 40.000 0.95 15
1IOB-2KS4 23.333 4.2 30
1IOB-2LTB 0.0 10.0 0.0
1IOB-2M5S 0.0 10.0 0.0
1IOB-2MPC 0.0 10.0 0.0
1IOB-2N7Z 28.261 0.14 46
1IOB-2NTE 0.0 10.0 0.0
1IOB-2OUO 45.455 2.8 11
1IOB-2PR5 0.0 10.0 0.0
1IOB-2PTL 0.0 10.0 0.0
1IOB-2RPN 57.143 1.4 7
1IOB-2VY0 0.0 10.0 0.0
1IOB-2WQG 29.167 0.035 24
1IOB-2ZTA 0.0 10.0 0.0
1IOB-3BCI 50.000 3.1 14
1IOB-3BN0 0.0 10.0 0.0
1IOB-3C2I 26.667 0.001 45
1IOB-3D2A 0.0 10.0 0.0
1IOB-3D3B 0.0 10.0 0.0
1IOB-3DV0 0.0 10.0 0.0
1IOB-3ECU 75.000 0.032 8
1IOB-3FIS 0.0 10.0 0.0
1IOB-3G1G 0.0 10.0 0.0
1IOB-3K82 0.0 10.0 0.0
1IOB-3L15 33.333 0.058 18
1IOB-3MON 0.0 10.0 0.0
1IOB-3O39 0.0 10.0 0.0
1IOB-3S4M 0.0 10.0 0.0
1IOB-3S92 45.455 2.4 11
1IOB-4BJX 0.0 10.0 0.0
1IOB-4BUQ 0.0 10.0 0.0
1IOB-4HE7 100.000 5.5 3
1IOB-4N6V 0.0 10.0 0.0
1IOB-4WAA 27.778 1.1 18
1IOB-4YEE 0.0 10.0 0.0
1IOB-4YEF 0.0 10.0 0.0
1IOB-5JXB 0.0 10.0 0.0
1IOB-5OAQ 0.0 10.0 0.0
1IOB-5VP3 50.000 7.7 6
1L63-1A0F 0.0 10.0 0.0
1L63-1A7V 37.500 0.64 24
1L63-1BA3 40.000 0.11 30
1L63-1BFM 55.556 0.44 9
1L63-1BNL 27.273 1.2 33
1L63-1D5G 0.0 10.0 0.0
1L63-1DIV 0.0 10.0 0.0
1L63-1DXX 57.143 2.9 7
1L63-1EKG 0.0 10.0 0.0
1L63-1F8I 0.0 10.0 0.0
1L63-1FH5 36.000 2.4 25
1L63-1FRD 0.0 10.0 0.0
1L63-1FT8 40.000 0.35 10
1L63-1FXA 0.0 10.0 0.0
1L63-1G3P 30.769 0.16 13
1L63-1GLU 0.0 10.0 0.0
1L63-1GUA 0.0 10.0 0.0
1L63-1GWY 0.0 10.0 0.0
1L63-1H0X 20.000 5.4 20
1L63-1HCQ 0.0 10.0 0.0
1L63-1IOJ 0.0 10.0 0.0
1L63-1IR3 0.0 10.0 0.0
1L63-1ITM 0.0 10.0 0.0
1L63-1IV7 0.0 10.0 0.0
1L63-1IV9 0.0 10.0 0.0
1L63-1J8I 60.000 0.080 10
1L63-1JL9 0.0 10.0 0.0
1L63-1JLV 42.857 4.1 7
1L63-1L6H 0.0 10.0 0.0
1L63-1LVM 21.277 1.6 47
1L63-1N18 0.0 10.0 0.0
1L63-1N88 32.353 0.23 34
1L63-1NM1 33.333 0.59 18
1L63-1O1U 40.000 0.037 15
1L63-1O6X 0.0 10.0 0.0
1L63-1OSI 28.571 0.033 56
1L63-1PFL 0.0 10.0 0.0
1L63-1PRE 38.462 5.2 13
1L63-1PRG 0.0 10.0 0.0
1L63-1R2Y 33.333 2.2 12
1L63-1R6R 0.0 10.0 0.0
1L63-1SPD 0.0 10.0 0.0
1L63-1X0J 50.000 0.20 12
1L63-1XWS 40.000 0.30 10
1L63-1XXN 17.647 0.43 34
1L63-1XZO 0.0 10.0 0.0
1L63-2ARF 0.0 10.0 0.0
1L63-2BJD 0.0 10.0 0.0
1L63-2C9Q 42.857 3.9 14
1L63-2CLR 36.364 1.2 11
1L63-2DVV 50.000 0.99 8
1L63-2H3F 33.333 8.1 6
1L63-2HBB 0.0 10.0 0.0
1L63-2JIE 25.000 4.5 8
1L63-2JUC 0.0 10.0 0.0
1L63-2KJ3 0.0 10.0 0.0
1L63-2KS4 0.0 10.0 0.0
1L63-2LTB 0.0 10.0 0.0
1L63-2M5S 0.0 10.0 0.0
1L63-2MPC 44.444 7.6 9
1L63-2N7Z 55.556 0.094 9
1L63-2NTE 0.0 10.0 0.0
1L63-2OUO 0.0 10.0 0.0
1L63-2PR5 41.667 0.69 12
1L63-2PTL 26.829 0.009 41
1L63-2RPN 75.000 9.4 4
1L63-2VY0 45.455 2.4 11
1L63-2WQG 0.0 10.0 0.0
1L63-2ZTA 0.0 10.0 0.0
1L63-3BCI 21.053 5.6 38
1L63-3BN0 0.0 10.0 0.0
1L63-3C2I 0.0 10.0 0.0
1L63-3D2A 0.0 10.0 0.0
1L63-3D3B 0.0 10.0 0.0
1L63-3DV0 0.0 10.0 0.0
1L63-3ECU 0.0 10.0 0.0
1L63-3FIS 0.0 10.0 0.0
1L63-3G1G 0.0 10.0 0.0
1L63-3K82 60.000 5.4 5
1L63-3L15 29.412 0.85 17
1L63-3MON 0.0 10.0 0.0
1L63-3O39 25.000 0.93 36
1L63-3S4M 0.0 10.0 0.0
1L63-3S92 50.000 0.98 8
1L63-4BJX 62.500 0.44 8
1L63-4BUQ 0.0 10.0 0.0
1L63-4HE7 24.000 7.7 25
1L63-4N6V 0.0 10.0 0.0
1L63-4WAA 57.143 2.3 7
1L63-4YEE 0.0 10.0 0.0
1L63-4YEF 0.0 10.0 0.0
1L63-5JXB 60.000 6.6 5
1L63-5OAQ 29.412 0.38 17
1L63-5VP3 0.0 10.0 0.0
1LZ1-1A0F 46.667 2.1 15
1LZ1-1A7V 0.0 10.0 0.0
1LZ1-1BA3 0.0 10.0 0.0
1LZ1-1BFM 0.0 10.0 0.0
1LZ1-1BNL 0.0 10.0 0.0
1LZ1-1D5G 36.364 0.14 22
1LZ1-1DIV 0.0 10.0 0.0
1LZ1-1DXX 31.579 1.0 19
1LZ1-1EKG 0.0 10.0 0.0
1LZ1-1F8I 20.513 6.1 39
1LZ1-1FH5 0.0 10.0 0.0
1LZ1-1FRD 0.0 10.0 0.0
1LZ1-1FT8 28.571 0.051 42
1LZ1-1FXA 0.0 10.0 0.0
1LZ1-1G3P 23.077 0.32 26
1LZ1-1GLU 0.0 10.0 0.0
1LZ1-1GUA 0.0 10.0 0.0
1LZ1-1GWY 30.769 8.3 13
1LZ1-1H0X 0.0 10.0 0.0
1LZ1-1HCQ 37.500 3.9 24
1LZ1-1IOJ 0.0 10.0 0.0
1LZ1-1IR3 18.421 4.4 38
1LZ1-1ITM 0.0 10.0 0.0
1LZ1-1IV7 28.571 0.16 14
1LZ1-1IV9 28.571 0.22 14
1LZ1-1J8I 0.0 10.0 0.0
1LZ1-1JL9 62.500 0.044 8
1LZ1-1JLV 0.0 10.0 0.0
1LZ1-1L6H 50.000 2.0 6
1LZ1-1LVM 20.000 0.12 75
1LZ1-1N18 40.000 9.3 10
1LZ1-1N88 0.0 10.0 0.0
1LZ1-1NM1 44.444 7.1 9
1LZ1-1O1U 0.0 10.0 0.0
1LZ1-1O6X 0.0 10.0 0.0
1LZ1-1OSI 0.0 10.0 0.0
1LZ1-1PFL 75.000 4.1 4
1LZ1-1PRE 83.333 1.6 6
1LZ1-1PRG 16.667 1.4 42
1LZ1-1R2Y 0.0 10.0 0.0
1LZ1-1R6R 0.0 10.0 0.0
1LZ1-1SPD 44.444 0.49 9
1LZ1-1X0J 0.0 10.0 0.0
1LZ1-1XWS 26.923 1.0 26
1LZ1-1XXN 39.130 0.008 23
1LZ1-1XZO 0.0 10.0 0.0
1LZ1-2ARF 0.0 10.0 0.0
1LZ1-2BJD 71.429 0.12 7
1LZ1-2C9Q 0.0 10.0 0.0
1LZ1-2CLR 38.462 0.25 13
1LZ1-2DVV 44.444 2.7 9
1LZ1-2H3F 23.077 3.0 26
1LZ1-2HBB 0.0 10.0 0.0
1LZ1-2JIE 0.0 10.0 0.0
1LZ1-2JUC 23.529 0.40 17
1LZ1-2KJ3 0.0 10.0 0.0
1LZ1-2KS4 0.0 10.0 0.0
1LZ1-2LTB 0.0 10.0 0.0
1LZ1-2M5S 0.0 10.0 0.0
1LZ1-2MPC 0.0 10.0 0.0
1LZ1-2N7Z 0.0 10.0 0.0
1LZ1-2NTE 60.000 3.5 5
1LZ1-2OUO 17.857 5.3 28
1LZ1-2PR5 50.000 8.5 4
1LZ1-2PTL 0.0 10.0 0.0
1LZ1-2RPN 0.0 10.0 0.0
1LZ1-2VY0 37.500 0.23 8
1LZ1-2WQG 0.0 10.0 0.0
1LZ1-2ZTA 0.0 10.0 0.0
1LZ1-3BCI 18.182 3.4 22
1LZ1-3BN0 44.444 0.47 9
1LZ1-3C2I 25.000 2.6 24
1LZ1-3D2A 0.0 10.0 0.0
1LZ1-3D3B 0.0 10.0 0.0
1LZ1-3DV0 0.0 10.0 0.0
1LZ1-3ECU 44.444 0.49 9
1LZ1-3FIS 42.857 0.14 14
1LZ1-3G1G 21.277 2.9 47
1LZ1-3K82 33.333 3.3 18
1LZ1-3L15 0.0 10.0 0.0
1LZ1-3MON 37.500 8.0 8
1LZ1-3O39 0.0 10.0 0.0
1LZ1-3S4M 0.0 10.0 0.0
1LZ1-3S92 17.857 6.6 28
1LZ1-4BJX 0.0 10.0 0.0
1LZ1-4BUQ 33.333 1.1 18
1LZ1-4HE7 0.0 10.0 0.0
1LZ1-4N6V 0.0 10.0 0.0
1LZ1-4WAA 0.0 10.0 0.0
1LZ1-4YEE 0.0 10.0 0.0
1LZ1-4YEF 31.034 1.2 29
1LZ1-5JXB 0.0 10.0 0.0
1LZ1-5OAQ 0.0 10.0 0.0
1LZ1-5VP3 28.571 0.49 14
1OH0-1A0F 0.0 10.0 0.0
1OH0-1A7V 24.074 0.040 54
1OH0-1BA3 50.000 3.1 6
1OH0-1BFM 0.0 10.0 0.0
1OH0-1BNL 0.0 10.0 0.0
1OH0-1D5G 0.0 10.0 0.0
1OH0-1DIV 25.000 4.2 12
1OH0-1DXX 21.429 7.6 28
1OH0-1EKG 20.000 2.9 25
1OH0-1F8I 30.303 0.003 66
1OH0-1FH5 24.138 4.8 29
1OH0-1FRD 30.769 0.61 13
1OH0-1FT8 0.0 10.0 0.0
1OH0-1FXA 0.0 10.0 0.0
1OH0-1G3P 0.0 10.0 0.0
1OH0-1GLU 20.000 2.1 25
1OH0-1GUA 23.077 1.5 13
1OH0-1GWY 0.0 10.0 0.0
1OH0-1H0X 0.0 10.0 0.0
1OH0-1HCQ 0.0 10.0 0.0
1OH0-1IOJ 19.231 2.0 26
1OH0-1IR3 19.792 0.16 96
1OH0-1ITM 0.0 10.0 0.0
1OH0-1IV7 0.0 10.0 0.0
1OH0-1IV9 0.0 10.0 0.0
1OH0-1J8I 0.0 10.0 0.0
1OH0-1JL9 0.0 10.0 0.0
1OH0-1JLV 0.0 10.0 0.0
1OH0-1L6H 35.000 3.6 20
1OH0-1LVM 0.0 10.0 0.0
1OH0-1N18 0.0 10.0 0.0
1OH0-1N88 0.0 10.0 0.0
1OH0-1NM1 0.0 10.0 0.0
1OH0-1O1U 0.0 10.0 0.0
1OH0-1O6X 20.000 6.5 15
1OH0-1OSI 34.615 0.033 26
1OH0-1PFL 30.000 1.2 10
1OH0-1PRE 36.842 0.83 19
1OH0-1PRG 0.0 10.0 0.0
1OH0-1R2Y 22.222 2.1 18
1OH0-1R6R 0.0 10.0 0.0
1OH0-1SPD 0.0 10.0 0.0
1OH0-1X0J 20.755 1.5 53
1OH0-1XWS 0.0 10.0 0.0
1OH0-1XXN 0.0 10.0 0.0
1OH0-1XZO 0.0 10.0 0.0
1OH0-2ARF 0.0 10.0 0.0
1OH0-2BJD 25.641 0.51 39
1OH0-2C9Q 0.0 10.0 0.0
1OH0-2CLR 0.0 10.0 0.0
1OH0-2DVV 0.0 10.0 0.0
1OH0-2H3F 0.0 10.0 0.0
1OH0-2HBB 25.000 2.1 12
1OH0-2JIE 0.0 10.0 0.0
1OH0-2JUC 0.0 10.0 0.0
1OH0-2KJ3 0.0 10.0 0.0
1OH0-2KS4 0.0 10.0 0.0
1OH0-2LTB 60.000 9.0 5
1OH0-2M5S 0.0 10.0 0.0
1OH0-2MPC 0.0 10.0 0.0
1OH0-2N7Z 27.586 0.25 29
1OH0-2NTE 0.0 10.0 0.0
1OH0-2OUO 0.0 10.0 0.0
1OH0-2PR5 37.500 0.13 8
1OH0-2PTL 0.0 10.0 0.0
1OH0-2RPN 0.0 10.0 0.0
1OH0-2VY0 27.778 8.6 18
1OH0-2WQG 0.0 10.0 0.0
1OH0-2ZTA 0.0 10.0 0.0
1OH0-3BCI 35.000 1.6 20
1OH0-3BN0 25.000 1.1 20
1OH0-3C2I 0.0 10.0 0.0
1OH0-3D2A 35.714 0.027 14
1OH0-3D3B 40.000 3.6 5
1OH0-3DV0 66.667 7.9 3
1OH0-3ECU 0.0 10.0 0.0
1OH0-3FIS 0.0 10.0 0.0
1OH0-3G1G 33.333 6.3 15
1OH0-3K82 0.0 10.0 0.0
1OH0-3L15 0.0 10.0 0.0
1OH0-3MON 0.0 10.0 0.0
1OH0-3O39 40.000 3.8 10
1OH0-3S4M 20.000 2.9 25
1OH0-3S92 26.087 1.4 46
1OH0-4BJX 22.642 0.029 53
1OH0-4BUQ 23.256 3.5 43
1OH0-4HE7 0.0 10.0 0.0
1OH0-4N6V 0.0 10.0 0.0
1OH0-4WAA 0.0 10.0 0.0
1OH0-4YEE 0.0 10.0 0.0
1OH0-4YEF 0.0 10.0 0.0
1OH0-5JXB 0.0 10.0 0.0
1OH0-5OAQ 0.0 10.0 0.0
1OH0-5VP3 0.0 10.0 0.0
1RN1-1A0F 33.333 0.32 27
1RN1-1A7V 22.222 9.4 18
1RN1-1BA3 30.000 0.68 30
1RN1-1BFM 0.0 10.0 0.0
1RN1-1BNL 100.000 3.7 2
1RN1-1D5G 0.0 10.0 0.0
1RN1-1DIV 0.0 10.0 0.0
1RN1-1DXX 40.000 0.94 15
1RN1-1EKG 50.000 2.4 6
1RN1-1F8I 38.462 0.65 13
1RN1-1FH5 0.0 10.0 0.0
1RN1-1FRD 0.0 10.0 0.0
1RN1-1FT8 0.0 10.0 0.0
1RN1-1FXA 33.333 6.3 12
1RN1-1G3P 71.429 0.17 7
1RN1-1GLU 0.0 10.0 0.0
1RN1-1GUA 0.0 10.0 0.0
1RN1-1GWY 0.0 10.0 0.0
1RN1-1H0X 0.0 10.0 0.0
1RN1-1HCQ 0.0 10.0 0.0
1RN1-1IOJ 0.0 10.0 0.0
1RN1-1IR3 40.000 1.9 10
1RN1-1ITM 0.0 10.0 0.0
1RN1-1IV7 0.0 10.0 0.0
1RN1-1IV9 0.0 10.0 0.0
1RN1-1J8I 0.0 10.0 0.0
1RN1-1JL9 66.667 0.27 6
1RN1-1JLV 60.000 6.8 5
1RN1-1L6H 0.0 10.0 0.0
1RN1-1LVM 0.0 10.0 0.0
1RN1-1N18 38.462 1.8 13
1RN1-1N88 0.0 10.0 0.0
1RN1-1NM1 27.083 0.83 48
1RN1-1O1U 0.0 10.0 0.0
1RN1-1O6X 0.0 10.0 0.0
1RN1-1OSI 0.0 10.0 0.0
1RN1-1PFL 0.0 10.0 0.0
1RN1-1PRE 33.333 1.0 6
1RN1-1PRG 37.500 1.1 8
1RN1-1R2Y 45.455 2.5 11
1RN1-1R6R 0.0 10.0 0.0
1RN1-1SPD 38.462 1.9 13
1RN1-1X0J 21.739 0.013 23
1RN1-1XWS 0.0 10.0 0.0
1RN1-1XXN 28.571 1.1 14
1RN1-1XZO 23.333 3.6 30
1RN1-2ARF 0.0 10.0 0.0
1RN1-2BJD 0.0 10.0 0.0
1RN1-2C9Q 0.0 10.0 0.0
1RN1-2CLR 29.167 4.9 24
1RN1-2DVV 0.0 10.0 0.0
1RN1-2H3F 0.0 10.0 0.0
1RN1-2HBB 0.0 10.0 0.0
1RN1-2JIE 66.667 0.95 6
1RN1-2JUC 20.930 1.6 43
1RN1-2KJ3 0.0 10.0 0.0
1RN1-2KS4 0.0 10.0 0.0
1RN1-2LTB 0.0 10.0 0.0
1RN1-2M5S 35.714 0.22 14
1RN1-2MPC 0.0 10.0 0.0
1RN1-2N7Z 28.571 4.1 7
1RN1-2NTE 0.0 10.0 0.0
1RN1-2OUO 0.0 10.0 0.0
1RN1-2PR5 0.0 10.0 0.0
1RN1-2PTL 0.0 10.0 0.0
1RN1-2RPN 0.0 10.0 0.0
1RN1-2VY0 0.0 10.0 0.0
1RN1-2WQG 0.0 10.0 0.0
1RN1-2ZTA 0.0 10.0 0.0
1RN1-3BCI 0.0 10.0 0.0
1RN1-3BN0 25.806 0.14 31
1RN1-3C2I 66.667 0.17 6
1RN1-3D2A 55.556 1.2 9
1RN1-3D3B 35.135 0.072 37
1RN1-3DV0 30.769 0.070 13
1RN1-3ECU 38.462 1.9 13
1RN1-3FIS 0.0 10.0 0.0
1RN1-3G1G 0.0 10.0 0.0
1RN1-3K82 0.0 10.0 0.0
1RN1-3L15 28.571 4.8 7
1RN1-3MON 0.0 10.0 0.0
1RN1-3O39 0.0 10.0 0.0
1RN1-3S4M 50.000 2.4 6
1RN1-3S92 0.0 10.0 0.0
1RN1-4BJX 0.0 10.0 0.0
1RN1-4BUQ 40.000 0.72 10
1RN1-4HE7 0.0 10.0 0.0
1RN1-4N6V 0.0 10.0 0.0
1RN1-4WAA 37.500 9.3 8
1RN1-4YEE 26.667 1.2 15
1RN1-4YEF 20.000 0.76 15
1RN1-5JXB 0.0 10.0 0.0
1RN1-5OAQ 28.571 4.4 7
1RN1-5VP3 0.0 10.0 0.0
1VQB-1A0F 22.222 0.15 27
1VQB-1A7V 0.0 10.0 0.0
1VQB-1BA3 0.0 10.0 0.0
1VQB-1BFM 0.0 10.0 0.0
1VQB-1BNL 0.0 10.0 0.0
1VQB-1D5G 0.0 10.0 0.0
1VQB-1DIV 0.0 10.0 0.0
1VQB-1DXX 55.556 4.8 9
1VQB-1EKG 100.000 4.5 3
1VQB-1F8I 100.000 3.8 3
1VQB-1FH5 31.034 7.2 29
1VQB-1FRD 0.0 10.0 0.0
1VQB-1FT8 44.444 0.34 9
1VQB-1FXA 25.000 0.86 32
1VQB-1G3P 38.462 0.45 13
1VQB-1GLU 0.0 10.0 0.0
1VQB-1GUA 37.500 4.1 8
1VQB-1GWY 0.0 10.0 0.0
1VQB-1H0X 0.0 10.0 0.0
1VQB-1HCQ 20.000 3.2 35
1VQB-1IOJ 0.0 10.0 0.0
1VQB-1IR3 33.333 0.12 18
1VQB-1ITM 0.0 10.0 0.0
1VQB-1IV7 31.034 0.004 29
1VQB-1IV9 31.034 0.004 29
1VQB-1J8I 42.857 1.00 7
1VQB-1JL9 0.0 10.0 0.0
1VQB-1JLV 0.0 10.0 0.0
1VQB-1L6H 0.0 10.0 0.0
1VQB-1LVM 0.0 10.0 0.0
1VQB-1N18 0.0 10.0 0.0
1VQB-1N88 0.0 10.0 0.0
1VQB-1NM1 30.769 4.5 13
1VQB-1O1U 0.0 10.0 0.0
1VQB-1O6X 38.462 1.3 13
1VQB-1OSI 0.0 10.0 0.0
1VQB-1PFL 35.294 0.54 17
1VQB-1PRE 40.000 7.9 10
1VQB-1PRG 30.000 2.8 10
1VQB-1R2Y 22.727 0.41 22
1VQB-1R6R 0.0 10.0 0.0
1VQB-1SPD 0.0 10.0 0.0
1VQB-1X0J 50.000 5.0 4
1VQB-1XWS 0.0 10.0 0.0
1VQB-1XXN 0.0 10.0 0.0
1VQB-1XZO 0.0 10.0 0.0
1VQB-2ARF 0.0 10.0 0.0
1VQB-2BJD 33.333 3.8 21
1VQB-2C9Q 39.394 1.62e-04 33
1VQB-2CLR 0.0 10.0 0.0
1VQB-2DVV 0.0 10.0 0.0
1VQB-2H3F 0.0 10.0 0.0
1VQB-2HBB 0.0 10.0 0.0
1VQB-2JIE 0.0 10.0 0.0
1VQB-2JUC 0.0 10.0 0.0
1VQB-2KJ3 0.0 10.0 0.0
1VQB-2KS4 0.0 10.0 0.0
1VQB-2LTB 0.0 10.0 0.0
1VQB-2M5S 0.0 10.0 0.0
1VQB-2MPC 0.0 10.0 0.0
1VQB-2N7Z 0.0 10.0 0.0
1VQB-2NTE 23.333 1.1 30
1VQB-2OUO 50.000 4.5 4
1VQB-2PR5 0.0 10.0 0.0
1VQB-2PTL 0.0 10.0 0.0
1VQB-2RPN 83.333 0.16 6
1VQB-2VY0 37.500 1.8 8
1VQB-2WQG 0.0 10.0 0.0
1VQB-2ZTA 0.0 10.0 0.0
1VQB-3BCI 0.0 10.0 0.0
1VQB-3BN0 28.571 2.7 7
1VQB-3C2I 0.0 10.0 0.0
1VQB-3D2A 0.0 10.0 0.0
1VQB-3D3B 0.0 10.0 0.0
1VQB-3DV0 0.0 10.0 0.0
1VQB-3ECU 0.0 10.0 0.0
1VQB-3FIS 0.0 10.0 0.0
1VQB-3G1G 20.513 0.37 39
1VQB-3K82 50.000 5.4 8
1VQB-3L15 0.0 10.0 0.0
1VQB-3MON 31.034 0.001 29
1VQB-3O39 0.0 10.0 0.0
1VQB-3S4M 100.000 4.6 3
1VQB-3S92 80.000 0.33 5
1VQB-4BJX 0.0 10.0 0.0
1VQB-4BUQ 0.0 10.0 0.0
1VQB-4HE7 0.0 10.0 0.0
1VQB-4N6V 16.667 2.0 12
1VQB-4WAA 22.222 3.6 18
1VQB-4YEE 0.0 10.0 0.0
1VQB-4YEF 0.0 10.0 0.0
1VQB-5JXB 33.333 0.099 27
1VQB-5OAQ 0.0 10.0 0.0
1VQB-5VP3 66.667 0.41 6
2LZM-1A0F 0.0 10.0 0.0
2LZM-1A7V 37.500 0.93 24
2LZM-1BA3 40.000 0.11 30
2LZM-1BFM 55.556 0.44 9
2LZM-1BNL 24.242 4.6 33
2LZM-1D5G 0.0 10.0 0.0
2LZM-1DIV 0.0 10.0 0.0
2LZM-1DXX 57.143 3.0 7
2LZM-1EKG 0.0 10.0 0.0
2LZM-1F8I 0.0 10.0 0.0
2LZM-1FH5 36.000 3.2 25
2LZM-1FRD 20.000 7.1 20
2LZM-1FT8 40.000 0.37 10
2LZM-1FXA 0.0 10.0 0.0
2LZM-1G3P 30.769 0.15 13
2LZM-1GLU 44.444 3.2 9
2LZM-1GUA 0.0 10.0 0.0
2LZM-1GWY 0.0 10.0 0.0
2LZM-1H0X 20.000 4.8 25
2LZM-1HCQ 25.000 1.0 28
2LZM-1IOJ 0.0 10.0 0.0
2LZM-1IR3 43.750 0.74 16
2LZM-1ITM 0.0 10.0 0.0
2LZM-1IV7 19.231 4.0 26
2LZM-1IV9 19.231 2.3 26
2LZM-1J8I 60.000 0.081 10
2LZM-1JL9 0.0 10.0 0.0
2LZM-1JLV 42.857 4.1 7
2LZM-1L6H 0.0 10.0 0.0
2LZM-1LVM 21.277 3.1 47
2LZM-1N18 19.048 4.9 42
2LZM-1N88 34.783 0.24 23
2LZM-1NM1 26.000 0.46 50
2LZM-1O1U 40.000 0.037 15
2LZM-1O6X 0.0 10.0 0.0
2LZM-1OSI 28.571 0.014 56
2LZM-1PFL 0.0 10.0 0.0
2LZM-1PRE 38.462 5.4 13
2LZM-1PRG 0.0 10.0 0.0
2LZM-1R2Y 33.333 2.1 12
2LZM-1R6R 0.0 10.0 0.0
2LZM-1SPD 19.048 5.0 42
2LZM-1X0J 50.000 0.21 12
2LZM-1XWS 40.000 0.31 10
2LZM-1XXN 18.182 0.62 33
2LZM-1XZO 0.0 10.0 0.0
2LZM-2ARF 0.0 10.0 0.0
2LZM-2BJD 0.0 10.0 0.0
2LZM-2C9Q 42.857 3.8 14
2LZM-2CLR 40.000 1.5 10
2LZM-2DVV 27.273 0.021 33
2LZM-2H3F 33.333 8.1 6
2LZM-2HBB 0.0 10.0 0.0
2LZM-2JIE 25.000 5.9 8
2LZM-2JUC 0.0 10.0 0.0
2LZM-2KJ3 0.0 10.0 0.0
2LZM-2KS4 0.0 10.0 0.0
2LZM-2LTB 0.0 10.0 0.0
2LZM-2M5S 0.0 10.0 0.0
2LZM-2MPC 0.0 10.0 0.0
2LZM-2N7Z 55.556 0.098 9
2LZM-2NTE 0.0 10.0 0.0
2LZM-2OUO 0.0 10.0 0.0
2LZM-2PR5 41.667 0.68 12
2LZM-2PTL 26.829 0.011 41
2LZM-2RPN 75.000 9.6 4
2LZM-2VY0 45.455 2.3 11
2LZM-2WQG 0.0 10.0 0.0
2LZM-2ZTA 0.0 10.0 0.0
2LZM-3BCI 24.138 5.0 29
2LZM-3BN0 0.0 10.0 0.0
2LZM-3C2I 0.0 10.0 0.0
2LZM-3D2A 0.0 10.0 0.0
2LZM-3D3B 0.0 10.0 0.0
2LZM-3DV0 0.0 10.0 0.0
2LZM-3ECU 19.048 5.0 42
2LZM-3FIS 0.0 10.0 0.0
2LZM-3G1G 0.0 10.0 0.0
2LZM-3K82 60.000 5.3 5
2LZM-3L15 29.412 0.71 17
2LZM-3MON 50.000 5.5 4
2LZM-3O39 25.000 0.96 36
2LZM-3S4M 0.0 10.0 0.0
2LZM-3S92 50.000 0.99 8
2LZM-4BJX 62.500 0.45 8
2LZM-4BUQ 0.0 10.0 0.0
2LZM-4HE7 0.0 10.0 0.0
2LZM-4N6V 0.0 10.0 0.0
2LZM-4WAA 57.143 2.2 7
2LZM-4YEE 0.0 10.0 0.0
2LZM-4YEF 0.0 10.0 0.0
2LZM-5JXB 60.000 6.5 5
2LZM-5OAQ 29.412 0.33 17
2LZM-5VP3 0.0 10.0 0.0
2RN2-1A0F 21.875 2.0 32
2RN2-1A7V 0.0 10.0 0.0
2RN2-1BA3 25.926 4.9 27
2RN2-1BFM 0.0 10.0 0.0
2RN2-1BNL 45.455 8.2 11
2RN2-1D5G 29.630 0.19 27
2RN2-1DIV 50.000 2.4 10
2RN2-1DXX 0.0 10.0 0.0
2RN2-1EKG 29.412 0.50 34
2RN2-1F8I 26.667 0.48 60
2RN2-1FH5 25.000 4.3 28
2RN2-1FRD 0.0 10.0 0.0
2RN2-1FT8 0.0 10.0 0.0
2RN2-1FXA 66.667 2.3 6
2RN2-1G3P 41.667 0.42 12
2RN2-1GLU 46.154 2.6 13
2RN2-1GUA 0.0 10.0 0.0
2RN2-1GWY 18.421 1.5 38
2RN2-1H0X 21.739 0.37 23
2RN2-1HCQ 30.769 1.7 13
2RN2-1IOJ 0.0 10.0 0.0
2RN2-1IR3 20.290 0.85 69
2RN2-1ITM 0.0 10.0 0.0
2RN2-1IV7 31.579 2.3 19
2RN2-1IV9 31.579 2.3 19
2RN2-1J8I 23.077 4.5 13
2RN2-1JL9 100.000 8.5 2
2RN2-1JLV 50.000 0.16 10
2RN2-1L6H 0.0 10.0 0.0
2RN2-1LVM 0.0 10.0 0.0
2RN2-1N18 35.714 0.008 28
2RN2-1N88 31.579 2.8 19
2RN2-1NM1 0.0 10.0 0.0
2RN2-1O1U 20.000 8.2 30
2RN2-1O6X 33.333 2.6 18
2RN2-1OSI 41.667 2.0 12
2RN2-1PFL 28.000 0.18 25
2RN2-1PRE 27.273 0.82 33
2RN2-1PRG 27.660 0.006 47
2RN2-1R2Y 0.0 10.0 0.0
2RN2-1R6R 0.0 10.0 0.0
2RN2-1SPD 35.714 0.018 28
2RN2-1X0J 45.455 0.22 11
2RN2-1XWS 50.000 0.20 8
2RN2-1XXN 27.586 7.5 29
2RN2-1XZO 40.000 6.4 10
2RN2-2ARF 38.462 4.8 13
2RN2-2BJD 50.000 5.3 10
2RN2-2C9Q 0.0 10.0 0.0
2RN2-2CLR 0.0 10.0 0.0
2RN2-2DVV 0.0 10.0 0.0
2RN2-2H3F 0.0 10.0 0.0
2RN2-2HBB 0.0 10.0 0.0
2RN2-2JIE 0.0 10.0 0.0
2RN2-2JUC 0.0 10.0 0.0
2RN2-2KJ3 0.0 10.0 0.0
2RN2-2KS4 36.364 2.5 11
2RN2-2LTB 50.000 0.10 10
2RN2-2M5S 29.630 2.8 27
2RN2-2MPC 53.846 0.64 13
2RN2-2N7Z 23.684 1.8 38
2RN2-2NTE 62.500 0.11 8
2RN2-2OUO 31.250 2.0 16
2RN2-2PR5 62.500 0.33 8
2RN2-2PTL 0.0 10.0 0.0
2RN2-2RPN 0.0 10.0 0.0
2RN2-2VY0 22.449 0.29 49
2RN2-2WQG 0.0 10.0 0.0
2RN2-2ZTA 0.0 10.0 0.0
2RN2-3BCI 44.444 1.2 9
2RN2-3BN0 37.500 0.59 32
2RN2-3C2I 0.0 10.0 0.0
2RN2-3D2A 0.0 10.0 0.0
2RN2-3D3B 0.0 10.0 0.0
2RN2-3DV0 0.0 10.0 0.0
2RN2-3ECU 35.714 0.018 28
2RN2-3FIS 0.0 10.0 0.0
2RN2-3G1G 0.0 10.0 0.0
2RN2-3K82 0.0 10.0 0.0
2RN2-3L15 0.0 10.0 0.0
2RN2-3MON 0.0 10.0 0.0
2RN2-3O39 44.444 1.3 9
2RN2-3S4M 29.412 0.50 34
2RN2-3S92 0.0 10.0 0.0
2RN2-4BJX 36.364 0.56 11
2RN2-4BUQ 32.000 8.9 25
2RN2-4HE7 0.0 10.0 0.0
2RN2-4N6V 21.212 2.7 33
2RN2-4WAA 0.0 10.0 0.0
2RN2-4YEE 36.667 0.031 30
2RN2-4YEF 28.000 0.070 50
2RN2-5JXB 0.0 10.0 0.0
2RN2-5OAQ 0.0 10.0 0.0
2RN2-5VP3 0.0 10.0 0.0
4LYZ-1A0F 28.571 4.2 35
4LYZ-1A7V 0.0 10.0 0.0
4LYZ-1BA3 37.500 9.4 8
4LYZ-1BFM 0.0 10.0 0.0
4LYZ-1BNL 0.0 10.0 0.0
4LYZ-1D5G 0.0 10.0 0.0
4LYZ-1DIV 0.0 10.0 0.0
4LYZ-1DXX 0.0 10.0 0.0
4LYZ-1EKG 26.667 0.56 30
4LYZ-1F8I 0.0 10.0 0.0
4LYZ-1FH5 0.0 10.0 0.0
4LYZ-1FRD 0.0 10.0 0.0
4LYZ-1FT8 0.0 10.0 0.0
4LYZ-1FXA 62.500 0.41 8
4LYZ-1G3P 33.333 2.3 21
4LYZ-1GLU 50.000 1.6 10
4LYZ-1GUA 25.926 3.5 27
4LYZ-1GWY 22.222 6.0 18
4LYZ-1H0X 0.0 10.0 0.0
4LYZ-1HCQ 46.154 0.081 13
4LYZ-1IOJ 0.0 10.0 0.0
4LYZ-1IR3 28.571 5.0 28
4LYZ-1ITM 0.0 10.0 0.0
4LYZ-1IV7 40.000 9.8 5
4LYZ-1IV9 25.806 0.021 31
4LYZ-1J8I 0.0 10.0 0.0
4LYZ-1JL9 41.667 0.15 12
4LYZ-1JLV 0.0 10.0 0.0
4LYZ-1L6H 0.0 10.0 0.0
4LYZ-1LVM 0.0 10.0 0.0
4LYZ-1N18 0.0 10.0 0.0
4LYZ-1N88 0.0 10.0 0.0
4LYZ-1NM1 31.250 0.080 16
4LYZ-1O1U 36.842 0.52 19
4LYZ-1O6X 0.0 10.0 0.0
4LYZ-1OSI 0.0 10.0 0.0
4LYZ-1PFL 40.000 3.3 10
4LYZ-1PRE 66.667 9.0 6
4LYZ-1PRG 25.000 5.4 8
4LYZ-1R2Y 0.0 10.0 0.0
4LYZ-1R6R 25.000 5.1 40
4LYZ-1SPD 0.0 10.0 0.0
4LYZ-1X0J 25.000 1.4 44
4LYZ-1XWS 0.0 10.0 0.0
4LYZ-1XXN 27.586 0.44 29
4LYZ-1XZO 0.0 10.0 0.0
4LYZ-2ARF 25.000 4.4 24
4LYZ-2BJD 0.0 10.0 0.0
4LYZ-2C9Q 0.0 10.0 0.0
4LYZ-2CLR 0.0 10.0 0.0
4LYZ-2DVV 50.000 4.8 10
4LYZ-2H3F 37.500 6.1 8
4LYZ-2HBB 0.0 10.0 0.0
4LYZ-2JIE 40.000 0.25 15
4LYZ-2JUC 23.529 0.29 17
4LYZ-2KJ3 0.0 10.0 0.0
4LYZ-2KS4 22.222 5.2 18
4LYZ-2LTB 55.556 0.60 9
4LYZ-2M5S 0.0 10.0 0.0
4LYZ-2MPC 0.0 10.0 0.0
4LYZ-2N7Z 0.0 10.0 0.0
4LYZ-2NTE 40.000 1.2 5
4LYZ-2OUO 0.0 10.0 0.0
4LYZ-2PR5 0.0 10.0 0.0
4LYZ-2PTL 0.0 10.0 0.0
4LYZ-2RPN 27.273 0.013 22
4LYZ-2VY0 23.529 0.83 17
4LYZ-2WQG 0.0 10.0 0.0
4LYZ-2ZTA 0.0 10.0 0.0
4LYZ-3BCI 0.0 10.0 0.0
4LYZ-3BN0 0.0 10.0 0.0
4LYZ-3C2I 0.0 10.0 0.0
4LYZ-3D2A 0.0 10.0 0.0
4LYZ-3D3B 0.0 10.0 0.0
4LYZ-3DV0 0.0 10.0 0.0
4LYZ-3ECU 0.0 10.0 0.0
4LYZ-3FIS 0.0 10.0 0.0
4LYZ-3G1G 0.0 10.0 0.0
4LYZ-3K82 0.0 10.0 0.0
4LYZ-3L15 57.143 0.72 7
4LYZ-3MON 0.0 10.0 0.0
4LYZ-3O39 0.0 10.0 0.0
4LYZ-3S4M 26.667 0.59 30
4LYZ-3S92 0.0 10.0 0.0
4LYZ-4BJX 0.0 10.0 0.0
4LYZ-4BUQ 0.0 10.0 0.0
4LYZ-4HE7 22.222 1.2 18
4LYZ-4N6V 0.0 10.0 0.0
4LYZ-4WAA 26.087 1.1 46
4LYZ-4YEE 21.739 2.6 23
4LYZ-4YEF 0.0 10.0 0.0
4LYZ-5JXB 35.294 4.4 17
4LYZ-5OAQ 44.444 0.52 9
4LYZ-5VP3 37.500 0.29 16
5PTI-1A0F 0.0 10.0 0.0
5PTI-1A7V 0.0 10.0 0.0
5PTI-1BA3 0.0 10.0 0.0
5PTI-1BFM 0.0 10.0 0.0
5PTI-1BNL 0.0 10.0 0.0
5PTI-1D5G 0.0 10.0 0.0
5PTI-1DIV 0.0 10.0 0.0
5PTI-1DXX 0.0 10.0 0.0
5PTI-1EKG 0.0 10.0 0.0
5PTI-1F8I 0.0 10.0 0.0
5PTI-1FH5 0.0 10.0 0.0
5PTI-1FRD 0.0 10.0 0.0
5PTI-1FT8 0.0 10.0 0.0
5PTI-1FXA 25.926 0.46 27
5PTI-1G3P 0.0 10.0 0.0
5PTI-1GLU 40.000 2.2 10
5PTI-1GUA 0.0 10.0 0.0
5PTI-1GWY 0.0 10.0 0.0
5PTI-1H0X 0.0 10.0 0.0
5PTI-1HCQ 100.000 9.7 2
5PTI-1IOJ 0.0 10.0 0.0
5PTI-1IR3 26.667 0.058 15
5PTI-1ITM 31.579 8.2 19
5PTI-1IV7 0.0 10.0 0.0
5PTI-1IV9 0.0 10.0 0.0
5PTI-1J8I 0.0 10.0 0.0
5PTI-1JL9 42.857 6.9 7
5PTI-1JLV 0.0 10.0 0.0
5PTI-1L6H 0.0 10.0 0.0
5PTI-1LVM 0.0 10.0 0.0
5PTI-1N18 0.0 10.0 0.0
5PTI-1N88 0.0 10.0 0.0
5PTI-1NM1 0.0 10.0 0.0
5PTI-1O1U 33.333 0.051 24
5PTI-1O6X 0.0 10.0 0.0
5PTI-1OSI 0.0 10.0 0.0
5PTI-1PFL 0.0 10.0 0.0
5PTI-1PRE 26.923 1.8 26
5PTI-1PRG 0.0 10.0 0.0
5PTI-1R2Y 0.0 10.0 0.0
5PTI-1R6R 0.0 10.0 0.0
5PTI-1SPD 0.0 10.0 0.0
5PTI-1X0J 0.0 10.0 0.0
5PTI-1XWS 0.0 10.0 0.0
5PTI-1XXN 0.0 10.0 0.0
5PTI-1XZO 25.000 0.74 8
5PTI-2ARF 0.0 10.0 0.0
5PTI-2BJD 0.0 10.0 0.0
5PTI-2C9Q 0.0 10.0 0.0
5PTI-2CLR 0.0 10.0 0.0
5PTI-2DVV 0.0 10.0 0.0
5PTI-2H3F 0.0 10.0 0.0
5PTI-2HBB 0.0 10.0 0.0
5PTI-2JIE 0.0 10.0 0.0
5PTI-2JUC 0.0 10.0 0.0
5PTI-2KJ3 0.0 10.0 0.0
5PTI-2KS4 0.0 10.0 0.0
5PTI-2LTB 0.0 10.0 0.0
5PTI-2M5S 0.0 10.0 0.0
5PTI-2MPC 0.0 10.0 0.0
5PTI-2N7Z 0.0 10.0 0.0
5PTI-2NTE 25.000 1.9 28
5PTI-2OUO 0.0 10.0 0.0
5PTI-2PR5 0.0 10.0 0.0
5PTI-2PTL 0.0 10.0 0.0
5PTI-2RPN 40.000 0.16 15
5PTI-2VY0 0.0 10.0 0.0
5PTI-2WQG 0.0 10.0 0.0
5PTI-2ZTA 0.0 10.0 0.0
5PTI-3BCI 0.0 10.0 0.0
5PTI-3BN0 0.0 10.0 0.0
5PTI-3C2I 0.0 10.0 0.0
5PTI-3D2A 0.0 10.0 0.0
5PTI-3D3B 29.412 0.61 17
5PTI-3DV0 0.0 10.0 0.0
5PTI-3ECU 0.0 10.0 0.0
5PTI-3FIS 0.0 10.0 0.0
5PTI-3G1G 28.571 3.7 7
5PTI-3K82 0.0 10.0 0.0
5PTI-3L15 0.0 10.0 0.0
5PTI-3MON 0.0 10.0 0.0
5PTI-3O39 0.0 10.0 0.0
5PTI-3S4M 0.0 10.0 0.0
5PTI-3S92 0.0 10.0 0.0
5PTI-4BJX 37.500 0.32 16
5PTI-4BUQ 28.571 6.3 7
5PTI-4HE7 25.000 4.5 12
5PTI-4N6V 0.0 10.0 0.0
5PTI-4WAA 0.0 10.0 0.0
5PTI-4YEE 0.0 10.0 0.0
5PTI-4YEF 0.0 10.0 0.0
5PTI-5JXB 0.0 10.0 0.0
5PTI-5OAQ 0.0 10.0 0.0
5PTI-5VP3 0.0 10.0 0.0
